# hru_cor_grand_buech.par created 17 Mars 2021 by Bastien Richard: area correction													
ID	area	elevation	slope	aspect	x	y	watershed	subbasin	hgeoID	landuseID	soilID	to_poly	to_reach
0	0	0	0	0	0	0	0	0	0	0	0	0	0
999999	9999999	10000	90	360	9999999	9999999	999999	999999	9999	9999	9999	999999	999999
n/a	m2	m	deg	deg	m	m	n/a	n/a	n/a	n/a	n/a	n/a	n/a
2	815625	1436	25.838	0	911200	6406200	5	73400	7	3	7	23	0
3	722500	1191	18.57	183	911975	6406175	5	73400	5	3	5	23	0
4	581250	1412	29.425	184	912437.5	6405850	5	73400	7	3	7	3	0
5	890625	1725	26.732	-7	910362.5	6405800	5	73400	8	1	8	2	0
6	543125	1658	20.993	-23	913950	6406400	5	73600	8	1	7	9	0
7	691250	1598	24.492	1	910100	6405650	5	73400	8	1	8	5	0
8	561250	1576	20.688	185	914850	6405500	5	73600	8	1	8	10	0
9	805000	1415	17.894	-24	913862.5	6405550	5	73600	7	1	7	0	73600
10	903125	1445	20.128	193	914412.5	6405050	5	73600	7	1	7	9	0
11	1156875	1643	24.715	261	916075	6405000	5	74000	8	1	8	17	0
12	526875	1295	19.395	272	913587.5	6403950	5	73600	7	1	7	9	0
13	693750	1470	22.37	-2	912887.5	6404700	5	73400	7	1	7	18	0
14	788125	2164	30.056	258	922175	6404700	5	70600	8	5	7	26	0
15	593125	1560	29.286	188	914912.5	6404225	5	73600	7	3	7	10	0
16	1024375	1467	27.77	3	911125	6405200	5	73400	8	3	7	22	0
17	813750	1589	27.65	261	915737.5	6404650	5	74000	8	1	8	28	0
18	846875	1371	20.904	194	913312.5	6404375	5	73400	7	1	7	41	0
19	612500	1359	23.895	18	910812.5	6403700	5	73400	7	3	7	22	0
20	559375	1681	28.857	179	917150	6404250	5	74000	8	1	8	17	0
21	774375	1866	28.911	169	922700	6404150	5	70600	8	1	5	26	0
22	728750	1242	22.525	5	911625	6404875	5	73400	7	3	5	0	73400
23	637500	1178	21.575	201	911825	6405100	5	73400	5	3	5	22	0
24	620000	1261	20.188	184	914062.5	6403625	5	73600	7	1	7	44	0
25	611250	2080	36.834	179	923425	6404200	5	70600	8	5	5	21	0
26	1051875	1790	29.815	260	921850	6404000	5	70600	8	1	5	27	0
27	939375	1545	27.303	255	921175	6403825	5	70600	8	1	7	0	70600
28	664375	1447	30.613	-17	915412.5	6403850	5	74000	8	3	7	0	74000
29	728750	1551	26.446	171	916462.5	6403700	5	74000	8	1	8	32	0
30	961250	1465	29.963	267	920262.5	6403700	5	70400	8	1	7	35	0
31	758125	1633	25.977	260	917950	6403525	5	74200	8	1	8	39	0
32	899375	1294	24.978	282	914937.5	6403300	5	74000	7	3	7	28	0
33	836875	1557	30.204	276	919162.5	6403600	5	70400	8	1	7	48	0
34	973750	1085	12.364	7	912600	6402875	5	73400	5	1	5	0	73400
35	584375	1276	15.618	185	920750	6403150	5	70400	8	3	5	58	0
36	546875	1617	33.749	246	922525	6402975	5	70800	8	5	8	0	70800
37	788750	1252	23.099	11	911700	6403450	5	73400	7	3	7	34	0
38	1178750	2004	35.534	175	923600	6403025	5	70800	7	5	5	36	0
39	698125	1570	26.398	275	917200	6403375	5	74200	8	1	8	61	0
40	789375	1266	17.565	272	919162.5	6402900	5	70400	8	3	5	42	0
41	538750	1145	14.1	201	912912.5	6402475	5	73400	5	1	5	23	0
42	520625	1211	13.598	178	919537.5	6402350	5	70400	8	3	5	0	70400
43	1042500	1386	26.021	261	910912.5	6403000	5	73800	8	3	7	49	0
44	7e+05	1101	11.208	185	913575	6403175	5	73600	5	2	5	0	73600
45	805000	1325	23.265	178	919525	6401100	5	70400	8	3	7	42	0
46	950625	1432	27.497	166	915812.5	6402875	5	74000	8	3	7	32	0
47	966875	1637	34.307	101	921800	6403200	5	70800	8	5	7	36	0
48	596875	1487	31.346	77	918737.5	6402650	5	70400	8	3	7	40	0
49	635625	1105	21.085	75	912737.5	6402275	5	73800	7	3	5	0	73800
50	731250	1131	15.865	178	914012.5	6401850	5	74000	5	1	7	0	74000
51	827500	1303	29.468	266	911312.5	6402775	5	73800	8	3	7	43	0
52	1875	1034	1.486	-30	913075	6402325	5	73400	5	2	5	0	73400
53	779375	1106	13.143	186	913225	6401800	5	73000	5	1	5	0	73000
54	784375	1389	30.309	271	915987.5	6402250	5	74200	7	3	7	0	74200
55	612500	1437	29.994	177	920625	6402700	5	70400	8	3	7	45	0
56	940000	1238	23.989	8	910475	6402400	5	73800	8	3	7	0	73800
57	3125	1031	1.452	-26	913150	6402275	5	73400	5	2	5	0	73400
58	1012500	1540	27.698	88	921350	6402150	5	70400	8	3	7	0	70400
59	5625	1032	5.187	203	913262.5	6402225	5	73200	5	3	5	0	73200
60	583125	1180	17.952	276	914062.5	6402100	5	74000	7	1	7	50	0
61	1122500	1470	29.161	274	916575	6402600	5	74200	8	3	7	54	0
62	546875	1186	20.185	259	915275	6402025	5	74200	5	3	5	69	0
63	534375	1570	34.602	117	916812.5	6401875	5	74200	7	3	7	61	0
64	758125	1490	34.95	288	918275	6402075	5	70400	8	3	7	70	0
65	561875	1268	25.062	80	912287.5	6402025	5	73800	8	3	7	49	0
66	825625	1874	36.259	106	922062.5	6401825	5	70400	8	5	5	58	0
67	566250	1228	15.446	182	919137.5	6401575	5	70400	8	3	7	70	0
68	1126250	1782	32.123	112	920675	6401450	5	70400	8	1	5	55	0
69	886250	1128	14.871	175	915275	6401425	5	74200	5	3	5	0	74200
70	567500	1255	25.943	293	918287.5	6401400	5	70400	8	3	7	0	70400
71	561250	1367	29.62	-1	910050	6401875	5	73800	8	3	7	56	0
72	553125	1048	8.03	249	914112.5	6401500	5	72800	5	2	5	0	72800
73	639375	1167	24.275	6	912812.5	6401300	5	72800	7	3	7	78	0
74	931875	1381	27.086	159	911162.5	6400775	5	73800	8	3	7	101	0
75	647500	1364	26.233	290	917275	6401375	5	70200	8	3	5	97	0
76	881875	1405	25.118	-15	910362.5	6401050	5	73800	8	3	7	71	0
77	757500	1220	15.817	163	918637.5	6400900	5	70400	8	3	7	70	0
78	791250	1067	12.787	2	913437.5	6400475	5	72800	7	1	5	0	72800
79	565000	1580	27.341	2	909462.5	6401200	5	73800	8	1	7	76	0
80	1021250	1388	26.646	1	912312.5	6400950	5	72800	8	3	7	73	0
81	549375	1420	24.467	180	911175	6399900	5	73800	8	3	8	74	0
82	661250	1388	12.767	166	919750	6400525	5	71200	8	3	7	0	71200
83	602500	1372	30.252	279	916750	6401075	5	70200	7	3	7	97	0
84	1070000	1255	29.939	109	917350	6399675	5	70200	7	3	7	0	70200
85	527500	1023	5.665	182	914537.5	6400725	5	74200	5	2	5	0	74200
86	724375	1162	15.613	203	915637.5	6401025	5	69800	5	3	5	87	0
87	580000	1088	10.768	246	916087.5	6399875	5	69800	5	2	5	117	0
88	1173750	1821	37.485	184	921362.5	6400975	5	71200	8	5	5	89	0
89	536250	1551	25.368	179	920387.5	6401025	5	71200	8	3	7	82	0
90	2500	998	1.04	281	914062.5	6400300	5	72600	5	2	5	107	0
91	723750	1536	27.61	74	919712.5	6400150	5	71400	8	3	7	0	71400
92	620000	1384	25.862	-13	912100	6400675	5	72400	8	3	5	121	0
93	632500	1359	26.897	205	916250	6401350	5	69800	7	3	7	86	0
94	691875	1582	38.523	102	918337.5	6399725	5	70200	8	3	7	84	0
97	930000	1170	20.134	275	916987.5	6400050	5	70200	7	3	7	0	70200
100	454375	1277	23.563	85	918137.5	6400850	5	71000	8	3	5	0	71000
101	713750	1354	23.24	0	910937.5	6401600	5	73800	8	3	7	0	73800
102	730625	1036	7.281	8	914762.5	6399900	5	69800	5	2	5	0	69800
105	854375	1224	21.189	262	912587.5	6399900	5	72400	8	3	5	123	0
106	903750	1071	16.949	-4	913375	6400175	5	72600	7	3	5	0	72600
107	622500	1045	8.758	99	914137.5	6400100	5	72600	7	2	5	0	72600
108	803125	1899	39.999	170	921200	6399825	5	71200	8	5	8	88	0
111	826875	1638	37.425	67	919237.5	6399425	5	71400	8	3	7	91	0
114	1011250	1827	35.365	178	920612.5	6399225	5	71400	8	5	8	91	0
116	705625	1641	31.692	94	910700	6399125	5	73800	8	1	8	74	0
117	840000	1034	4.956	190	915475	6399600	5	69800	5	2	5	102	0
118	745000	1052	6.499	171	915962.5	6399250	5	70200	5	2	5	0	70200
121	764375	1419	26.602	0	911375	6398850	5	72400	8	1	8	105	0
123	556250	1119	20.117	0	912562.5	6399125	5	72400	8	3	7	0	72400
124	738750	1699	23.527	259	918262.5	6398925	5	71600	7	3	7	144	0
125	11875	1010	1.982	193	915025	6399050	5	70000	7	3	8	0	70000
126	522500	1323	28.98	194	917262.5	6399375	5	71600	7	3	7	150	0
132	539375	1104	24.634	52	913725	6398050	5	72200	7	3	7	0	72200
134	502500	1373	24.152	-3	911637.5	6398400	5	72400	8	3	7	137	0
135	700625	1113	20.114	23	913675	6398850	5	72200	7	3	7	132	0
137	790625	1208	25.57	0	912550	6398500	5	72400	8	3	7	123	0
141	915000	1629	26.062	-7	910625	6398550	5	72400	8	1	8	121	0
143	1125625	1073	11.992	181	916012.5	6398450	5	71600	7	3	5	0	71600
144	678750	1511	29.387	188	917987.5	6399525	5	71600	7	3	7	126	0
146	825625	1825	32.263	257	920437.5	6398300	5	71800	8	1	7	169	0
149	715000	1080	25.667	158	914600	6398900	5	69600	7	3	7	0	69600
150	600625	1129	16.814	184	916837.5	6398950	5	71600	7	3	5	143	0
151	511875	2033	34.574	252	920950	6398575	5	71800	8	5	7	146	0
152	1040625	1719	32.683	241	919112.5	6398200	5	71600	7	1	7	165	0
155	551250	1921	31.716	247	921950	6398050	5	71800	8	5	7	186	0
158	719375	1279	27.34	281	912350	6398125	5	69400	8	3	6	183	0
162	883125	1310	27.219	74	916125	6397700	5	71600	7	3	7	163	0
163	666875	1335	25.787	83	917300	6397375	5	71600	7	3	7	143	0
164	765625	1293	22.746	74	917675	6397625	5	71600	8	3	7	181	0
165	899375	1325	33.366	249	918000	6398025	5	71600	7	3	7	181	0
167	701250	1495	29.252	266	910687.5	6398050	5	69200	8	1	7	210	0
169	697500	1589	27.252	252	919900	6398375	5	71800	8	1	7	180	0
172	505000	1105	29.399	266	913337.5	6397725	5	69400	7	3	6	0	69400
175	543125	1437	26.525	-4	911300	6397675	5	69200	8	1	8	188	0
178	518750	1642	29.203	266	910150	6398300	5	69200	8	1	7	167	0
180	745000	1496	29.303	264	919637.5	6397650	5	71800	7	3	7	0	71800
181	645625	1249	26.889	250	917737.5	6397850	5	71600	7	3	7	0	71600
183	985000	1109	22.346	3	912587.5	6397275	5	69400	8	3	7	0	69400
184	626250	1178	27.056	185	914725	6397225	5	69400	8	3	8	0	69400
186	663125	1631	25.71	90	921312.5	6397525	5	71800	8	3	7	169	0
187	609375	1776	26.805	177	921512.5	6397100	5	71800	8	1	7	186	0
188	679375	1235	25.219	257	912587.5	6396750	5	69200	8	3	8	0	69200
190	525000	1067	15.649	109	914100	6396850	5	69400	8	3	8	184	0
192	563125	1504	27.558	86	916412.5	6397425	5	71600	7	3	7	162	0
193	1875	1285	17.938	212	919625	6397175	5	71600	7	3	7	0	71600
197	517500	1366	30.967	277	915950	6396800	5	74600	8	3	8	261	0
198	880625	1313	31.105	187	915050	6396500	5	69400	7	3	7	184	0
200	702500	1327	23.974	87	918425	6397325	5	71600	8	3	7	181	0
203	856875	1007	16.759	278	913500	6397400	5	69400	8	3	6	183	0
205	657500	1333	31.567	272	916825	6396950	5	74600	8	3	7	234	0
206	1006250	1485	26.816	197	920137.5	6396875	5	72000	7	3	7	0	72000
210	1108750	1355	22.841	270	910287.5	6396650	5	69200	8	1	7	0	69200
215	821875	1445	27.858	-7	909675	6396675	5	69200	8	3	7	210	0
216	515625	1777	23.725	167	921650	6396775	5	72000	8	1	7	206	0
218	703750	1188	22.809	265	912062.5	6396650	5	69200	8	3	7	188	0
223	909375	1267	25.12	86	911825	6395450	5	69200	8	3	7	0	69200
225	1258750	1606	25.565	78	921175	6396150	5	72000	7	3	7	206	0
227	856875	1039	23.46	271	912775	6396175	5	69200	8	3	7	0	69200
229	930000	1524	26.679	190	919612.5	6395975	5	74600	8	3	7	244	0
230	775000	1278	21.289	6	911162.5	6396175	5	69200	8	3	7	210	0
233	686875	1099	23.305	245	914075	6396500	5	69000	8	3	8	243	0
234	875625	1203	20.468	263	917387.5	6396600	5	74600	8	3	8	0	74600
235	589375	1216	19.466	104	917512.5	6396125	5	74600	8	3	8	234	0
237	875000	1708	26.309	286	922300	6396150	5	77400	8	1	7	247	0
241	548125	1141	26.878	81	911925	6396050	5	69200	8	3	7	223	0
243	857500	1004	19.788	187	914212.5	6395975	5	69000	8	3	7	0	69000
244	631875	1345	23.746	96	918737.5	6395825	5	74600	8	3	7	0	74600
247	653125	1645	27.543	178	922812.5	6395825	5	77400	8	3	7	305	0
250	898750	1409	27.662	93	918250	6395350	5	74600	7	3	8	0	74600
253	820000	1381	26.486	93	910637.5	6394925	5	69200	8	3	7	223	0
255	645000	1153	18.632	-4	912725	6395275	5	69000	8	3	7	243	0
258	613125	1121	22.247	183	914737.5	6395600	5	69000	8	3	7	243	0
260	880625	1507	23.693	262	921950	6394925	5	77400	8	3	7	281	0
261	752500	1097	21.857	286	916387.5	6396350	5	74600	8	3	8	264	0
264	960625	1064	16.454	168	915987.5	6395050	5	74600	8	3	8	0	74600
268	551875	1341	25.391	89	910362.5	6395200	5	69200	8	3	8	230	0
269	593125	1461	29.361	87	918162.5	6395100	5	74600	7	3	8	250	0
271	631875	1630	27.43	7	920462.5	6395175	5	77400	8	3	7	291	0
275	619375	1701	24.43	89	919337.5	6395200	5	74600	8	3	7	229	0
276	532500	1473	28.553	19	909675	6395600	5	69200	8	3	8	268	0
280	541875	1067	23.273	295	915175	6395450	5	74600	8	3	7	0	74600
281	678125	1471	24.416	270	921325	6394775	5	77400	8	3	7	319	0
283	500625	987	18.127	278	913912.5	6394975	5	69000	8	1	7	0	69000
284	856250	1429	28.57	93	918212.5	6394950	5	74600	7	3	8	269	0
290	771250	1812	23.791	84	918612.5	6394625	5	74600	5	3	7	284	0
291	813125	1488	27.971	-2	920812.5	6395075	5	77400	7	3	7	370	0
296	569375	1570	34.366	173	917337.5	6394750	5	74600	7	3	8	284	0
297	865000	1037	19.391	172	915437.5	6394350	5	74600	8	3	7	280	0
298	853750	1498	25.173	270	910800	6394600	5	75800	8	2	7	322	0
299	620000	1010	15.484	76	913712.5	6394775	5	74400	8	1	6	0	74400
300	558750	1723	20.612	14	919925	6394850	5	77400	7	3	7	310	0
304	807500	1336	18.715	7	912075	6394450	5	74400	8	1	7	309	0
305	510000	1628	27.496	172	922937.5	6395150	5	77400	8	3	7	319	0
309	565625	1263	22.218	7	912250	6393800	5	74400	8	3	7	316	0
310	875625	1706	23.632	15	919575	6394200	5	77400	7	3	7	291	0
313	1121250	1735	37.497	179	917862.5	6394400	5	74800	7	3	8	352	0
316	1150625	1262	17.859	-2	912087.5	6395075	5	74400	8	1	7	299	0
317	601250	1201	17.715	172	916437.5	6394300	5	74600	8	3	7	297	0
319	837500	1356	24.378	176	921925	6394325	5	77400	8	3	7	0	77400
322	718750	1348	23.7	-14	910825	6394375	5	75800	8	3	7	372	0
324	443125	1001	16.063	264	914662.5	6394575	5	68800	8	1	6	0	68800
327	545000	951	18.226	1	914762.5	6393125	5	68600	8	3	8	0	68600
328	945000	1280	21.725	74	913512.5	6393900	5	74400	8	3	7	316	0
329	627500	998	19.306	9	914525	6394300	5	68600	8	3	6	327	0
331	928750	1098	22.801	189	915475	6393900	5	68600	8	3	7	327	0
332	638125	1480	26.913	167	922200	6393400	5	77400	8	3	7	319	0
334	569375	1410	21.469	-14	910637.5	6393825	5	75800	8	3	7	322	0
335	988125	1361	32.041	166	921637.5	6393100	5	77400	7	3	7	319	0
339	784375	1556	26.831	267	919887.5	6393250	5	77200	7	3	7	373	0
340	800625	1255	23.74	268	916687.5	6393625	5	74800	8	3	5	357	0
345	521250	1832	31.986	-23	919212.5	6394025	5	77200	7	1	7	339	0
351	1015625	1322	26.021	253	911975	6393500	5	75800	8	3	7	322	0
352	965625	1342	28.401	164	916887.5	6393175	5	74800	8	3	5	0	74800
355	666250	1487	21.608	-4	909787.5	6393450	5	76000	8	1	7	412	0
357	642500	1081	18.754	266	916250	6393275	5	74800	8	3	8	352	0
360	1065625	1235	19.027	8	913737.5	6393200	5	68600	8	3	7	329	0
363	693125	1251	15.217	-4	911000	6392875	5	75800	8	3	7	372	0
365	542500	1539	30.131	201	917937.5	6393150	5	68400	7	3	5	415	0
368	805000	985	17.692	260	916487.5	6392775	5	68400	8	3	5	0	68400
369	630000	1175	22.209	261	917037.5	6392950	5	68400	8	3	5	368	0
370	685000	1230	29.354	-15	920937.5	6393375	5	77400	7	3	7	0	77400
372	940625	1117	17.937	6	911750	6392325	5	75800	8	3	7	0	75800
373	538125	1335	24.167	2	919987.5	6393050	5	77200	8	3	7	388	0
377	511250	1572	19.94	-1	909450	6393475	5	76000	8	1	7	355	0
382	703125	1192	22.147	261	913300	6392750	5	75400	8	3	7	393	0
384	1037500	1555	27.728	282	918862.5	6392825	5	68000	8	3	5	407	0
388	875000	1315	24.188	7	919900	6391900	5	77200	8	3	5	0	77200
389	556875	1298	27.197	181	921675	6392600	5	77000	7	3	7	418	0
391	1063125	1233	20.054	9	910662.5	6392350	5	76000	8	3	7	421	0
393	608125	1151	19.297	277	912937.5	6393125	5	75400	8	3	7	452	0
394	1121250	1101	23.616	0	914375	6392675	5	68400	8	3	7	410	0
398	968750	1418	27.166	177	919262.5	6391150	5	68000	8	3	7	407	0
401	551250	1109	17.672	256	912512.5	6392425	5	75600	8	2	7	431	0
402	1152500	1607	24.474	188	922575	6393025	5	77000	5	3	7	389	0
406	986875	1078	24.638	259	917325	6392125	5	68400	8	3	5	368	0
407	728750	1278	20.145	278	918687.5	6392025	5	68000	8	3	7	427	0
408	536250	1090	22.562	-2	920737.5	6390950	5	77000	8	2	5	0	77000
410	933125	946	14.847	264	914925	6391925	5	68400	8	3	8	0	68400
412	600625	1355	15.705	-15	909600	6391975	5	76000	8	1	7	509	0
414	1016875	1148	22.768	266	917087.5	6391025	5	68400	8	3	7	493	0
415	729375	1283	23.724	106	917737.5	6391675	5	68400	8	3	7	406	0
417	876250	1272	15.552	-6	910500	6391700	5	76000	8	1	7	470	0
418	680625	1310	28.837	191	922275	6391650	5	77000	7	3	7	408	0
421	771875	1069	21.103	-15	911612.5	6391700	5	76000	8	3	7	0	76000
427	502500	1234	21.844	285	918287.5	6391550	5	68000	8	3	7	0	68000
431	620625	1050	18.289	17	912487.5	6391275	5	75600	8	3	7	0	75600
432	550000	1031	23.891	77	915137.5	6391375	5	68400	8	3	7	447	0
433	1028750	1322	21.793	2	920250	6391600	5	77000	8	3	5	408	0
435	913750	1079	21.895	260	913975	6391425	5	75400	8	3	7	0	75400
439	608125	1366	17.462	-14	909350	6391300	5	76000	8	1	7	449	0
441	645000	1282	24.324	1	920312.5	6390550	5	77000	8	3	5	408	0
443	529375	1191	26.299	177	921950	6391550	5	77000	8	3	7	0	77000
444	1036875	1120	19.716	272	918812.5	6390950	5	68000	8	3	7	427	0
446	650000	1106	30.365	244	914737.5	6390725	5	75400	8	3	7	503	0
447	917500	1030	26.318	11	915825	6390750	5	68400	8	3	7	0	68400
448	717500	1591	21.002	-9	908200	6390650	5	76000	8	1	7	460	0
449	796250	1314	14.806	-11	909600	6391000	5	76000	8	1	7	509	0
452	637500	998	16.881	260	913175	6391600	5	75400	8	3	7	481	0
454	1106875	1136	21.366	103	912300	6390825	5	76200	8	3	7	478	0
460	938750	1474	20.442	-15	908400	6390375	5	76000	8	1	7	439	0
463	913125	1137	22.773	110	911425	6391100	5	76000	8	3	7	0	76000
464	748750	982	26.029	176	916725	6391675	5	68400	8	3	5	406	0
469	903125	1132	25.527	72	914325	6390100	5	75400	8	3	7	0	75400
470	568750	1100	12.996	-17	910637.5	6391075	5	76000	8	1	7	0	76000
472	726250	1024	19.602	200	918575	6390400	5	68000	8	3	6	487	0
478	838125	1132	20.137	284	911675	6390350	5	76200	8	3	7	0	76200
479	779375	1123	26.2	177	921737.5	6391400	5	77000	8	3	7	443	0
480	1189375	1357	20.469	245	922425	6390050	5	77600	8	3	7	514	0
481	531250	1078	21.586	79	913575	6390375	5	75400	8	3	7	0	75400
485	1135000	1367	16.722	-9	908175	6389325	5	76000	8	3	7	449	0
486	669375	1147	16.304	90	910100	6389825	5	76000	8	3	7	470	0
487	898125	901	13.456	271	917800	6389250	5	68000	8	1	6	0	68000
492	701250	1087	19.929	208	919250	6389675	5	67800	8	1	7	524	0
493	1034375	906	12.415	255	916962.5	6389750	5	68400	8	3	7	0	68400
494	812500	1295	19.133	237	919462.5	6390450	5	67800	8	3	7	492	0
495	653750	1100	22.815	277	921300	6389450	5	77600	8	3	7	0	77600
498	511250	1046	31.791	-8	920612.5	6389925	5	77000	8	1	7	0	77000
501	666250	954	15.207	10	917037.5	6390725	5	68400	8	3	6	414	0
502	968125	1199	20.223	3	911350	6389200	5	76200	8	3	7	478	0
503	958125	982	19.271	267	915962.5	6389400	5	75400	8	3	7	0	75400
506	728125	1188	22.939	108	912225	6389800	5	76200	8	3	7	478	0
509	908125	1209	15.873	-13	909612.5	6390200	5	76000	8	3	7	0	76000
511	1075625	1026	17.713	12	915162.5	6389550	5	75400	8	3	6	527	0
514	930625	1149	23.745	261	922112.5	6389600	5	77600	8	3	7	495	0
517	507500	1195	17.587	265	920337.5	6389350	5	76800	8	2	7	538	0
519	687500	954	22.886	268	920137.5	6387950	5	76800	8	2	7	0	76800
520	692500	856	13.172	84	918300	6388750	5	67800	8	2	8	540	0
521	913750	1269	26.916	283	912700	6389250	5	65400	8	3	8	532	0
522	591250	1169	23.023	169	922037.5	6389125	5	77600	8	3	7	514	0
524	792500	980	18.529	245	919700	6389050	5	67800	8	2	7	520	0
525	964375	1314	17.553	101	910262.5	6389325	5	76000	8	3	7	486	0
527	738750	961	11.932	11	915812.5	6389200	5	75400	8	3	7	503	0
528	776250	1315	20.371	-17	910787.5	6388825	5	65200	8	3	7	555	0
529	791250	1286	23.787	-2	914300	6389675	5	75400	8	3	7	469	0
530	732500	1079	16.699	7	914700	6390250	5	75400	8	3	6	511	0
532	1125000	997	16.95	266	912887.5	6388950	5	65400	8	3	7	0	65400
536	690625	1267	20.029	205	908287.5	6388950	5	66000	8	2	7	553	0
537	551250	876	9.217	77	916925	6389025	5	75200	8	3	8	0	75200
538	667500	1072	24.407	177	921100	6388975	5	76800	8	3	7	556	0
540	510625	825	9.107	257	919175	6388775	5	67800	8	1	8	0	67800
543	29375	847	9.458	94	917375	6388925	5	75000	8	3	6	0	75000
544	665625	1311	26.032	84	922675	6389275	5	77600	8	3	7	522	0
548	910000	1354	25.978	275	907400	6388750	5	66200	8	3	7	554	0
549	718125	1041	23.175	289	911475	6389000	5	65400	8	3	7	532	0
553	910000	1249	17.726	193	909825	6388475	5	66000	8	2	7	581	0
554	1003750	1153	20.968	76	907100	6386075	5	66200	8	3	6	567	0
555	648750	1047	21.719	287	911225	6388375	5	65200	8	3	7	588	0
556	535000	977	24.701	172	921012.5	6388525	5	76800	8	3	7	0	76800
557	807500	948	13.325	100	916125	6388300	5	76400	8	3	7	0	76400
563	587500	1122	27.42	205	913350	6388475	5	65600	8	3	8	584	0
567	708125	1143	20.824	268	907925	6388325	5	66200	8	3	7	0	66200
568	901875	1016	13.119	85	917762.5	6388850	5	68200	8	2	6	0	68200
570	1033125	930	15.081	78	919137.5	6387925	5	67800	8	3	6	540	0
574	801875	1088	25.651	269	908387.5	6387450	5	66200	8	3	7	0	66200
575	533125	1256	18.644	-19	908562.5	6388650	5	66000	8	3	7	553	0
578	753125	977	10.981	79	918375	6388075	5	67800	8	2	6	520	0
579	830625	1020	26.777	179	920762.5	6387775	5	67600	8	3	7	600	0
581	569375	1048	25.95	256	909000	6387825	5	66000	8	3	7	0	66000
583	816875	951	13.499	107	917300	6388150	5	76600	8	2	6	0	76600
584	813750	923	13.821	188	913100	6387900	5	65600	8	1	5	599	0
586	839375	1086	24.802	278	910187.5	6387300	5	65800	8	3	7	643	0
587	735625	1197	26.932	160	921487.5	6388200	5	67600	8	3	7	579	0
588	1113750	889	12.529	290	911200	6387725	5	65200	8	1	7	0	65200
591	696250	1307	24.516	36	914475	6388050	5	75400	8	3	7	511	0
595	1117500	1125	15.042	90	917237.5	6386975	5	76600	8	2	7	583	0
599	738125	849	6.002	261	912650	6387500	5	65600	8	1	5	0	65600
600	715000	883	28.363	78	920175	6387500	5	67600	8	3	6	0	67600
602	954375	988	15.263	66	908862.5	6387100	5	66200	8	3	7	0	66200
603	853125	1131	28.758	179	913650	6387275	5	65600	8	3	7	584	0
607	868750	1028	25.292	72	919750	6387975	5	67600	8	3	6	0	67600
609	1010000	953	17.47	71	909900	6387075	5	65800	8	3	7	629	0
612	534375	1111	16.2	80	918875	6387000	5	67800	8	2	6	578	0
617	573125	1153	17.012	79	916025	6387225	5	76400	8	3	6	620	0
620	832500	1263	18.123	29	915025	6387275	5	76400	8	3	7	638	0
621	687500	1280	29.606	203	914462.5	6386500	5	64600	8	3	7	636	0
622	707500	918	20.411	179	913287.5	6387100	5	64600	8	3	6	624	0
624	939375	826	6.745	192	912662.5	6386500	5	64600	8	1	5	665	0
625	601875	1346	17.356	97	916987.5	6386725	5	76600	8	2	7	595	0
627	689375	1289	21.852	81	919125	6386850	5	67800	8	2	7	612	0
629	768125	873	8.237	76	910300	6386650	5	65800	8	2	7	0	65800
631	190625	820	1.371	-5	911475	6386975	5	65000	8	2	5	0	65000
634	716250	1185	24.449	-5	906737.5	6387025	5	66200	8	3	7	554	0
635	608125	1162	19.038	73	908137.5	6386500	5	66200	8	3	6	602	0
636	518125	1044	24.636	192	913725	6386500	5	64600	8	3	6	622	0
638	691875	1214	18.181	87	916487.5	6387125	5	76400	8	3	6	557	0
640	43125	809	1.936	286	911887.5	6386675	5	64600	8	1	5	0	64600
642	786875	1170	20.995	90	907825	6386300	5	66200	8	3	6	635	0
643	620000	830	3.57	2	910987.5	6386850	5	65800	8	1	5	0	65800
644	580000	1316	16.751	82	916175	6386525	5	76400	8	3	7	638	0
646	103750	817	2.577	256	912825	6387250	5	64800	8	1	5	0	64800
647	687500	1140	28.571	287	919350	6386250	5	67400	8	3	7	657	0
650	660625	969	26.397	266	921650	6386575	5	67600	8	3	8	654	0
652	1095625	809	4.338	3	912225	6385475	5	64600	8	1	5	0	64600
653	711250	873	21.368	-22	919987.5	6386500	5	67600	8	1	7	0	67600
654	790625	905	15.474	261	921687.5	6386150	5	67600	8	3	5	673	0
656	516250	1473	20.67	65	915587.5	6386575	5	76400	8	3	7	644	0
657	998125	1017	21.248	287	918512.5	6386275	5	67400	8	1	7	693	0
663	563750	967	18.819	82	910150	6385725	5	65800	8	3	7	629	0
665	645625	809	4.56	205	912525	6385875	5	64600	8	3	5	652	0
667	647500	1202	30.32	277	917800	6385500	5	67000	8	3	7	680	0
671	693750	1274	32.517	204	914862.5	6386150	5	64000	8	3	6	679	0
672	864375	1185	28.472	267	915837.5	6385550	5	63800	8	1	6	733	0
673	940625	789	8.232	164	920675	6385775	5	67600	8	1	7	0	67600
676	616250	1432	24.159	82	908287.5	6385800	5	66200	8	3	7	642	0
677	602500	1297	30.249	271	917412.5	6386125	5	67000	8	3	7	667	0
679	997500	936	20.44	189	914162.5	6385500	5	64000	8	3	5	709	0
680	758125	1020	24.457	283	916687.5	6385450	5	67000	8	3	6	722	0
682	1152500	871	13.594	1	911187.5	6385575	5	64600	8	3	7	652	0
688	801875	938	12.431	156	921350	6384375	5	67600	8	3	5	720	0
689	915625	880	16.834	275	917300	6384750	5	67000	8	3	6	722	0
693	747500	849	16.445	-9	919700	6385625	5	67400	8	3	6	706	0
696	681250	1391	23.093	75	906575	6386175	5	66200	8	3	7	554	0
697	556250	1033	24.011	64	910937.5	6385025	5	64600	8	3	7	682	0
698	1038750	1288	20.546	22	908887.5	6385325	5	65800	8	3	7	629	0
700	518125	1207	25.106	71	909562.5	6385500	5	65800	8	3	7	698	0
702	1250	783	3.505	248	912950	6385100	5	64600	1	1	5	0	64200
705	726875	869	17.078	269	918262.5	6385125	5	67000	8	3	6	727	0
706	899375	778	7.259	-21	919262.5	6384450	5	67400	8	1	7	0	67400
709	911250	797	6.047	251	914025	6384350	5	64000	1	2	5	0	64000
710	739375	816	12.01	160	920150	6384500	5	67600	8	3	7	673	0
711	574375	1048	25.862	265	915087.5	6385200	5	63600	8	1	6	770	0
713	755000	800	3.921	247	914075	6386075	5	64200	1	2	5	0	64200
715	959375	1335	26.89	28	909437.5	6384825	5	64400	8	3	6	718	0
716	743750	814	9.739	15	912550	6384300	5	64200	8	1	7	0	64200
718	835625	1092	26.872	270	910150	6384900	5	64400	8	3	7	719	0
719	1e+06	954	17.51	71	911762.5	6384425	5	64400	8	3	7	0	64400
720	945625	868	14.514	119	920037.5	6384025	5	67600	8	3	5	710	0
722	614375	827	7.979	289	917050	6384650	5	67000	8	3	6	726	0
726	658750	787	8.139	278	917887.5	6384025	5	67000	8	1	6	0	67000
727	929375	777	4.881	277	918612.5	6384550	5	67000	8	1	7	0	67000
730	682500	846	10.68	266	915337.5	6384400	5	63800	8	1	6	0	63800
733	960000	878	13.031	259	914837.5	6383575	5	63800	1	1	6	730	0
734	613125	826	10.248	262	916287.5	6383550	5	63400	8	3	6	766	0
748	739375	852	13.394	4	913525	6384375	5	66400	8	1	7	0	66400
750	707500	804	7.321	197	916925	6383625	5	63400	8	3	6	793	0
752	553750	957	21.545	4	911712.5	6383275	5	66400	8	3	7	753	0
753	913125	874	17.68	88	912625	6383375	5	66400	8	3	7	748	0
756	545625	1262	23.497	14	910700	6383550	5	66400	8	3	6	775	0
757	638750	847	8.335	172	919475	6383425	5	67200	8	3	5	0	67200
758	1126875	816	10.499	13	913762.5	6383250	5	64000	8	2	7	0	64000
762	980000	782	7.013	273	918100	6382900	5	66800	8	1	7	785	0
763	825000	823	11.39	87	914350	6382050	5	63600	8	3	7	0	63600
766	894375	801	7.934	262	915700	6383450	5	63400	8	2	6	793	0
770	865625	783	7.318	254	914962.5	6383300	5	63600	1	1	5	0	63600
771	623750	757	7.299	253	915875	6382500	5	63600	1	2	5	784	0
773	759375	831	11.402	10	919075	6382650	5	67200	8	3	7	0	67200
775	731250	1134	22.853	10	911087.5	6383925	5	66400	8	3	6	752	0
778	805000	982	22.226	91	912612.5	6382425	5	66400	8	3	6	753	0
780	533750	793	8.068	180	917187.5	6383025	5	63400	8	1	6	793	0
783	605000	861	17.096	7	913625	6382575	5	63600	8	3	7	763	0
784	747500	749	3.108	18	914862.5	6382525	5	63600	1	1	5	763	0
785	960000	751	7.943	-21	917562.5	6382650	5	66800	8	3	7	0	66800
787	941250	766	9.657	10	914675	6382300	5	63600	1	2	7	763	0
788	530625	813	10.61	192	919437.5	6383050	5	67200	8	2	5	773	0
793	745625	755	7.539	186	916437.5	6381875	5	63400	8	2	6	0	63400
796	784375	1173	26.231	31	911987.5	6382100	5	66400	8	3	6	778	0
799	605625	1286	25.926	77	911400	6382475	5	66400	8	3	7	775	0
800	1056250	799	11.132	-2	914662.5	6381600	5	63200	8	2	7	821	0
801	733750	763	8.81	178	918150	6382425	5	77800	1	3	7	842	0
804	666875	992	22.58	-2	913175	6381825	5	63600	8	3	7	763	0
806	521250	1183	24.329	30	912850	6381550	5	63600	8	3	6	804	0
814	731875	941	18.295	-1	913787.5	6381250	5	63000	8	3	7	828	0
815	1052500	834	10.975	197	918612.5	6381675	5	77800	8	2	7	826	0
821	651250	728	5.31	-3	916025	6381225	5	63200	1	2	5	0	63200
826	797500	780	11.325	195	918612.5	6381175	5	77800	8	2	7	0	77800
828	671875	791	7.426	-3	914587.5	6381150	5	63000	8	2	7	844	0
835	977500	1146	24.447	18	913025	6381200	5	63000	8	3	6	814	0
836	710000	730	8.366	-19	916850	6381000	5	66800	1	1	7	0	66800
838	623125	876	13.537	10	914725	6381125	5	63000	8	3	7	828	0
839	601875	741	3.975	183	918462.5	6380850	5	77800	8	2	7	826	0
842	860000	725	1.666	258	917462.5	6380850	5	77800	1	1	7	0	77800
844	566875	759	7.023	-10	915712.5	6380625	5	63000	8	3	7	0	63000
845	531250	803	18.081	75	917925	6380625	5	77800	8	3	7	839	0
858	675000	838	12.252	162	917662.5	6379725	5	77800	8	3	7	867	0
860	1117500	729	6.871	-4	915987.5	6380275	5	62800	1	2	7	0	62800
863	974375	858	15.558	1	914550	6379550	5	78000	8	3	7	872	0
867	733750	718	3.351	178	916937.5	6380250	5	77800	1	1	7	0	77800
872	1024375	763	8.164	0	914950	6380025	5	78000	8	1	7	899	0
877	1033750	1076	27.026	5	913412.5	6379825	5	78000	8	3	6	863	0
880	688750	861	9.266	187	918050	6379450	5	62400	8	3	8	901	0
882	643125	727	5.824	180	916887.5	6379225	5	66600	1	2	7	0	66600
888	74375	699	2.425	-9	916137.5	6379025	5	62600	1	2	7	0	62600
895	759375	695	3.087	-1	916050	6378525	5	62400	1	1	7	0	62400
899	579375	769	8.761	5	914487.5	6378925	5	78000	8	1	7	0	78000
901	1140625	724	5.652	188	916950	6378675	5	62400	1	2	7	0	62400
910	1154375	846	13.566	-8	914300	6378525	5	62400	8	1	7	915	0
915	1135625	736	4.731	-4	915400	6378625	5	62400	8	1	7	941	0
917	719375	729	8.186	181	917175	6377350	5	62400	8	3	8	901	0
941	944375	734	10.681	11	915850	6377000	5	62400	8	1	7	895	0
945	1108750	716	8.128	198	916362.5	6377325	5	62400	1	2	7	0	62400
948	806250	923	31.056	80	915412.5	6376825	5	62400	8	3	7	941	0
990	949375	781	26.766	-11	915912.5	6375700	5	62200	8	1	6	0	62200
991	740625	856	28.365	182	916437.5	6375275	5	62200	8	4	6	0	62200
