# hru.par created Mon, 17 Feb 2020, 22:11:44 by HRU-DELIN_BATCH													
ID	area	elevation	slope	aspect	x	y	watershed	subbasin	hgeoID	landuseID	soilID	to_poly	to_reach
0	0	0	0	0	0	0	0	0	0	0	0	0	0
999999	9999999	10000	90	360	9999999	9999999	999999	999999	9999	9999	9999	999999	999999
n/a	m2	m	deg	deg	m	m	n/a	n/a	n/a	n/a	n/a	n/a	n/a
1	2813125	1377	23.857	-1	911587.5	6406100	5	36400	7	3	7	3	0
2	3947500	1490	25.392	3	911212.5	6404600	5	36400	8	1	8	3	0
3	3785625	1208	18.309	8	912462.5	6404375	5	36400	7	1	5	0	36400
4	5252500	1407	19.714	188	914187.5	6403950	5	36600	7	1	7	0	36600
5	7087500	1449	25.047	176	915562.5	6403375	5	37000	8	1	7	0	37000
6	2816250	1488	31.716	284	919187.5	6403300	5	34600	8	3	7	8	0
7	5400625	1891	33.854	172	922875	6403350	5	34600	8	5	5	0	34600
8	3916250	1606	27.435	255	921150	6403800	5	34600	8	1	7	7	0
9	6045000	1388	22.43	173	920237.5	6401800	5	34600	8	3	7	0	34600
10	1875	1034	1.486	-30	913075	6402325	5	36400	5	2	5	0	0
11	5858125	1383	23.954	267	916562.5	6402225	5	37200	8	3	7	0	37200
12	3125	1031	1.452	-26	913150	6402275	5	36400	5	2	5	0	36400
13	5625	1032	5.187	203	913262.5	6402225	5	36200	5	3	5	0	36200
14	779375	1106	13.143	186	913225	6401800	5	36000	5	1	5	0	36000
15	5254375	1363	26.652	86	911962.5	6402325	5	36800	8	3	7	0	36800
16	3005000	1194	19.066	2	913075	6401200	5	35800	7	3	5	0	35800
17	4234375	1120	14.742	195	915437.5	6399875	5	34200	5	3	5	0	34200
18	2921250	1843	37.343	179	920825	6399775	5	34800	8	5	5	25	0
19	4686875	1284	25.063	278	917650	6399725	5	34400	7	3	7	0	34400
20	3661875	1373	25.495	-2	910237.5	6401200	5	36800	8	3	7	15	0
21	5003125	1348	24.357	-5	911600	6398550	5	35400	8	3	5	0	35400
22	2846875	1786	30.883	6	921962.5	6398875	5	40000	8	5	7	0	40000
23	3621250	1608	31.899	-12	937700	6398025	5	43200	8	1	8	0	43200
24	4338750	1701	29.428	265	922900	6400175	5	40000	8	5	7	22	0
25	3269375	1505	26.451	81	919500	6399425	5	34800	8	3	7	0	34800
26	3730625	1615	19.822	2	925350	6400200	5	40200	7	1	6	28	0
27	5365000	1754	29.151	185	939475	6399825	5	43200	8	1	8	32	0
28	2842500	1441	19.398	173	926937.5	6399225	5	40200	5	1	6	0	40200
29	1528750	1061	13.587	-4	913575	6400175	5	35600	7	3	5	0	35600
30	4537500	1797	30.626	253	920937.5	6397875	5	35000	8	1	7	0	35000
31	4035625	1233	21.596	82	916012.5	6398525	5	35000	7	3	7	0	35000
32	3859375	1591	28.719	93	940062.5	6397475	5	43200	8	1	8	0	43200
33	2510000	1537	28.792	194	917812.5	6399250	5	35000	7	3	7	31	0
34	3249375	1434	25.991	260	925212.5	6397175	5	40000	8	1	7	24	0
35	1240000	1109	22.08	24	913537.5	6398250	5	35200	7	3	7	0	35200
36	4285625	1598	27.239	-3	923975	6396300	5	40000	8	1	7	34	0
37	4631875	2020	31.211	181	928750	6397250	5	40200	7	5	8	28	0
38	3596250	1869	34.279	-13	936287.5	6397575	5	43200	8	1	8	45	0
39	5098125	1155	24.212	184	912350	6397975	5	34000	8	3	7	0	34000
40	3423750	1460	25.077	84	919000	6397275	5	35000	7	3	7	30	0
41	4373125	1420	26.394	268	910462.5	6397875	5	33800	8	1	7	0	33800
42	5599375	1667	29.082	197	927462.5	6396600	5	39800	8	5	7	0	39800
43	3608750	2131	32.499	195	931600	6395600	5	41000	7	5	7	65	0
44	2712500	1438	26.427	78	920750	6396450	5	35000	8	3	7	40	0
45	4750000	1542	32.78	96	937875	6396225	5	43200	8	1	8	23	0
46	3134375	1212	25.331	84	911962.5	6395750	5	33800	8	3	7	0	33800
47	2563125	1308	24.099	14	910087.5	6395875	5	33800	8	3	8	41	0
48	3192500	1583	27.443	191	928625	6395325	5	39800	8	3	8	42	0
49	4828750	1908	33.245	1	933950	6396100	5	43400	8	5	8	54	0
50	3304375	1387	29.83	264	936575	6395950	5	43200	8	1	8	0	43200
51	4702500	1082	20.147	82	913887.5	6394600	5	33600	8	3	7	0	33600
52	3284375	1567	25.713	272	922037.5	6396025	5	37800	8	1	7	0	37800
53	5405625	1295	23.484	97	917625	6395750	5	37400	8	3	8	0	37400
54	5801875	1509	27.03	78	935400	6394725	5	43400	8	3	8	0	43400
55	3132500	1270	18.656	3	912662.5	6395025	5	33600	8	1	7	51	0
56	6121250	1200	21.043	183	927350	6393675	5	39800	7	3	7	0	39800
57	4100625	1413	25.058	179	939700	6393825	5	43600	8	1	8	0	43600
58	2617500	1489	25.518	173	921150	6394425	5	37800	8	3	7	52	0
59	6825625	1373	25.071	177	918112.5	6394750	5	37400	8	3	7	53	0
60	3844375	1444	24.96	2	923337.5	6393250	5	39600	8	3	7	81	0
61	4773750	1473	22.713	-12	910987.5	6394100	5	37600	8	1	7	88	0
62	5470000	1370	28.239	12	937362.5	6393375	5	43000	8	1	8	0	43000
63	2553750	1529	25.725	181	930925	6392025	5	41000	8	3	8	65	0
64	4872500	1445	25.623	6	924450	6395775	5	39800	8	1	7	56	0
65	3858750	2106	28.384	275	930675	6396650	5	41000	7	5	7	0	41000
66	3936875	1640	28.975	278	940612.5	6396850	5	43600	8	1	8	57	0
67	2949375	1648	24.668	178	941362.5	6394050	5	43600	8	1	8	57	0
68	2558750	1665	31.224	177	933887.5	6393575	5	42200	8	1	8	76	0
69	4893750	1457	24.666	276	930012.5	6392875	5	41000	8	3	7	0	41000
70	5483125	1264	24.282	179	917462.5	6392525	5	33400	8	3	5	0	33400
71	3958750	1203	24.623	260	916437.5	6393275	5	33400	8	3	5	70	0
72	4716250	1400	26.903	182	921725	6392500	5	37800	7	3	7	98	0
73	5286250	1200	19.219	-3	910987.5	6392250	5	37600	8	3	7	78	0
74	3756250	1586	26.66	1	919987.5	6394475	5	37800	7	3	7	72	0
75	3773750	1069	19.656	4	914187.5	6393225	5	33400	8	3	7	0	33400
76	3260000	1547	25.984	-17	932375	6392425	5	42200	8	3	8	0	42200
77	3186875	1540	24.056	270	935212.5	6393125	5	42400	8	1	8	0	42400
78	4274375	1074	18.992	263	913312.5	6391425	5	37600	8	3	7	0	37600
79	2574375	1311	21.372	167	939087.5	6392550	5	43600	8	3	8	0	43600
80	4350625	1302	23.414	0	920250	6391375	5	37800	8	3	5	74	0
81	4621875	1205	24.895	262	924937.5	6393050	5	39600	8	3	7	0	39600
82	2915625	1264	33.757	172	929612.5	6390850	5	41000	7	3	7	0	41000
83	4327500	1276	23.287	267	938300	6390825	5	42800	8	1	6	92	0
84	4113125	1313	20.663	280	934825	6391175	5	42400	8	1	8	77	0
85	2949375	1267	22.359	6	925475	6391300	5	39600	8	3	7	60	0
86	3291250	1556	25.688	168	940037.5	6391750	5	43600	8	3	8	79	0
87	3310625	1123	18.289	-14	911762.5	6390225	5	37600	8	3	7	78	0
88	4003750	1370	17.322	-10	909462.5	6392025	5	37600	8	1	7	99	0
89	5898750	1229	21.616	273	918612.5	6391400	5	33000	8	3	7	0	33000
90	5283125	1241	18.127	261	928200	6392900	5	40600	5	3	7	0	40600
91	1250	939	1.836	249	926350	6390975	5	39800	7	7	7		
92	6270625	1077	11.677	178	936750	6389500	5	42800	8	1	6	0	42800
93	3208750	1257	16.373	276	923800	6390800	5	38800	8	3	7	117	0
94	4163125	1001	21.297	6	915575	6391725	5	33400	8	3	7	71	0
95	2710625	1294	26.912	-6	932837.5	6391225	5	42200	8	3	8	76	0
96	3889375	1125	25.25	0	926512.5	6390525	5	39400	7	3	7	100	0
97	2967500	1018	13.509	269	933737.5	6389825	5	42400	8	1	8	0	42400
98	3439375	1053	24.286	177	920562.5	6388300	5	37800	8	3	7	0	37800
99	3194375	1257	19.149	96	910800	6389400	5	37600	8	3	7	87	0
100	3023125	967	13.505	-1	926612.5	6388700	5	39400	5	3	7	0	39400
101	3027500	1186	23.971	176	921962.5	6389500	5	37800	8	3	7	98	0
102	4734375	977	17.489	8	916137.5	6388675	5	37600	8	3	7	0	37600
103	5391250	1172	24.871	261	930687.5	6389800	5	41400	7	3	7	0	41400
104	3471250	1052	16.886	87	916912.5	6388025	5	37600	8	3	6	102	0
105	3662500	1189	24.163	286	912950	6389100	5	31400	8	3	7	110	0
106	4138750	946	13.953	276	928212.5	6387300	5	40400	5	1	7	0	40400
107	265625	909	1.528	276	933387.5	6389050	5	42000	8	1	7	0	42000
108	3220625	1024	7.554	258	937375	6388000	5	44000	8	1	6	119	0
109	6519375	1041	16.19	80	919137.5	6388750	5	32800	8	2	6	0	32800
110	4920000	937	14.739	271	912562.5	6387625	5	31400	8	3	7	0	31400
111	3036875	1032	6.738	255	936562.5	6388900	5	44000	8	1	6	108	0
112	3574375	1073	15.943	274	910800	6386725	5	31600	8	2	7	0	31600
113	236875	891	14.233	108	928675	6388325	5	40800	5	3	7	0	40800
114	894375	887	1.968	186	932400	6389825	5	41600	5	2	7	0	41600
115	2860000	1032	25.036	174	920862.5	6387625	5	32600	8	3	7	120	0
116	2716875	1219	23.014	79	913125	6390200	5	37600	8	3	7	104	0
117	4055625	1187	25.545	7	923075	6388250	5	38800	8	3	7	0	38800
118	2850000	1181	21.351	186	924762.5	6388525	5	38800	8	3	7	117	0
119	2558750	1001	5.748	78	936187.5	6387400	5	44000	8	1	6	0	44000
120	3817500	925	20.589	169	919750	6387975	5	32600	8	3	7	149	0
121	3314375	1191	22.074	-12	907512.5	6387175	5	31600	8	3	7	129	0
122	4442500	1149	22.936	88	931550	6388475	5	41800	8	3	7	0	41800
123	3605000	1326	18.481	83	916962.5	6387100	5	37600	8	3	7	104	0
124	2895000	1019	11.129	94	935200	6386900	5	44200	8	1	7	0	44200
125	2588125	929	17.337	269	927112.5	6386400	5	39200	7	1	7	0	39200
126	1875000	998	18.141	88	929500	6388500	5	41200	5	3	7	0	41200
127	2208125	1018	12.597	73	933387.5	6388600	5	42600	8	3	7	0	42600
128	3745000	1026	22.353	269	922912.5	6386575	5	38800	8	1	7	144	0
129	5168125	1069	20.181	72	908887.5	6387450	5	31600	8	3	7	0	31600
130	43125	809	1.936	286	911887.5	6386675	5	31200	8	1	5	0	31200
131	1953750	1128	15.902	11	933675	6386975	5	43800	8	1	7	0	43800
132	901875	1016	13.119	85	917762.5	6388850	5	33200	8	2	6	0	33200
133	4336875	1001	19.481	257	915050	6385550	5	31000	8	3	5	163	0
134	7563750	939	17.533	270	923400	6383825	5	39000	8	3	7	0	39000
135	3791250	1282	21.892	78	907900	6386125	5	31600	8	3	6	121	0
136	5853125	943	16.919	277	917637.5	6384775	5	32400	8	3	6	0	32400
137	3140000	854	10.719	256	913175	6385950	5	31200	8	3	5	0	31200
138	5409375	1338	28.758	170	931362.5	6385500	5	44400	7	3	7	0	44400
139	4505000	1158	28.426	185	929850	6384475	5	44600	5	3	8	143	0
140	3159375	947	17.565	285	919175	6386400	5	32600	8	3	7	149	0
141	3670625	1369	22.008	82	934800	6385375	5	44200	8	1	7	148	0
142	4536250	970	15.176	4	913612.5	6387050	5	31200	8	3	7	137	0
143	2967500	1006	22.657	86	926900	6385575	5	44600	8	3	8	0	44600
144	5086250	858	8.84	274	922875	6385325	5	38800	8	1	7	0	38800
145	2921250	1063	21.939	17	911387.5	6384200	5	31200	8	3	6	142	0
146	2726875	812	9.873	260	915525	6383175	5	31000	1	2	6	158	0
147	3808750	1078	27.435	85	927737.5	6384600	5	44600	8	3	8	143	0
148	3518750	1478	22.12	4	932962.5	6385875	5	44200	8	1	7	0	44200
149	4164375	819	10.345	169	919812.5	6383900	5	32600	8	3	7	0	32600
150	3276875	1144	30.023	172	925287.5	6384550	5	39000	8	3	7	134	0
151	5230000	1617	19.548	82	935737.5	6384800	5	44200	8	1	7	141	0
152	5260000	1129	22.341	-10	927237.5	6383700	5	44800	8	3	7	0	44800
153	3491250	1481	24.643	188	931387.5	6383675	5	45000	8	3	8	156	0
154	5678125	1051	21.429	13	913525	6384375	5	31800	8	3	7	0	31800
155	1250	916	6.102	23	928812.5	6383325	5	44600	8	1	7	0	44600
156	2567500	1113	24.043	174	930275	6382925	5	45000	5	3	7	160	0
157	6674375	828	10.841	284	921187.5	6383025	5	38600	1	3	7	0	38600
158	3548750	778	7.737	191	916337.5	6381975	5	31000	8	3	6	0	31000
159	2650000	757	7.712	273	917975	6382750	5	32200	8	1	7	0	32200
160	2893750	1124	26.241	80	929175	6381900	5	45000	8	3	8	0	45000
161	3785625	821	11.552	7	914575	6382025	5	31000	8	1	7	0	31000
162	3585000	1256	23.793	262	931487.5	6381000	5	45400	8	3	8	0	45400
163	2826875	974	17.633	13	913287.5	6381675	5	31000	8	3	6	161	0
164	3721250	1183	23.698	171	926750	6380400	5	46200	8	3	8	0	46200
165	3443750	779	8.27	190	918275	6381400	5	38000	8	2	7	0	38000
166	3996875	1199	21.799	261	910525	6381050	5	30200	8	3	7	179	0
167	3212500	1661	18.411	259	933612.5	6382200	5	45400	8	1	7	162	0
168	5386875	804	8.646	177	922037.5	6381475	5	45600	8	1	7	0	45600
169	5066875	1275	24.431	0	929212.5	6380500	5	45200	8	3	7	0	45200
170	5272500	847	11.942	2	914450	6381025	5	31000	8	3	7	158	0
171	4617500	1045	19.718	272	925987.5	6380975	5	46200	8	1	7	164	0
172	2981250	965	16.252	255	924462.5	6381275	5	46000	8	1	7	177	0
173	3318750	762	6.599	184	920275	6381925	5	38600	1	2	7	0	38600
174	4225625	1333	24.27	90	932987.5	6380825	5	45400	8	3	8	162	0
175	2541875	773	8.941	173	917650	6379950	5	38000	1	3	7	165	0
176	2706875	1228	27.099	281	910012.5	6379500	5	30400	8	1	7	184	0
177	4471250	849	12.453	269	922725	6379425	5	46000	8	3	7	0	46000
178	2562500	1096	22.473	187	912437.5	6379325	5	30200	8	3	7	179	0
179	2752500	1227	23.977	81	909487.5	6380350	5	30200	8	3	7	0	30200
180	4056250	889	16.127	0	914350	6379825	5	30800	8	1	7	192	0
181	643125	727	5.824	180	916887.5	6379225	5	32000	1	2	7	0	32000
182	6825625	1192	27.684	95	926675	6379175	5	46600	8	3	8	0	46600
183	170000	872	21.56	77	924475	6378875	5	46400	8	3	7	0	46400
184	3039375	1240	22.498	-5	910112.5	6378175	5	30400	8	3	6	0	30400
185	3650625	1032	23.793	96	922912.5	6378575	5	46000	8	3	8	177	0
186	3090625	1059	26.785	173	925075	6377900	5	46800	8	3	8	0	46800
187	3521250	742	6.047	188	916550	6377300	5	30800	1	2	7	0	30800
188	6717500	754	7.112	174	919550	6378950	5	38400	1	1	7	0	38400
189	3979375	877	20.165	266	913062.5	6377950	5	30000	8	3	7	0	30000
190	5956875	789	10.008	178	921000	6376750	5	46000	8	1	7	0	46000
191	4761875	1117	21.744	81	909937.5	6377275	5	30400	8	3	6	184	0
192	4566250	772	12.316	2	915112.5	6378075	5	30800	8	1	7	0	30800
193	3618750	1387	24.587	268	927625	6376925	5	46800	8	1	8	0	46800
194	6237500	1365	21.458	81	909300	6376675	5	29800	8	4	6	198	0
195	2611250	1240	23.093	87	925187.5	6376875	5	46800	8	3	8	193	0
196	3933750	1383	23.024	90	926175	6376125	5	46800	8	3	8	195	0
197	5041250	837	14.822	74	918650	6375400	5	45800	8	4	7	0	45800
198	4867500	1019	22.026	76	911912.5	6376300	5	29800	8	4	6	0	29800
199	2609375	1069	22.144	195	923037.5	6376125	5	47000	8	1	7	202	0
200	4532500	1407	17.606	185	928375	6375000	5	46800	8	1	8	193	0
201	4823125	918	23.547	21	914225	6375075	5	29600	8	4	6	0	29600
202	4695000	869	11.614	188	922425	6374750	5	47000	8	1	7	207	0
203	2396875	746	11.398	94	917425	6376550	5	38200	1	1	7	0	38200
204	4323125	1198	25.934	269	909062.5	6373600	5	47400	8	4	6	0	47400
205	1690000	814	27.467	180	916075	6375700	5	30600	8	4	6	0	30600
206	4666875	905	23.659	262	914325	6372725	5	47200	8	4	6	0	47200
207	2970625	807	10.436	79	919875	6374300	5	47000	8	4	7	0	47000
208	2704375	1179	22.365	269	907387.5	6374525	5	47600	8	4	6	212	0
209	4409375	1062	25.471	269	911712.5	6373950	5	47400	8	4	6	0	47400
210	7366250	885	22.578	257	916725	6374125	5	29400	8	4	6	0	29400
211	2520000	833	12.629	196	923625	6373925	5	29000	8	1	3	223	0
212	3826875	936	11.564	269	906950	6373450	5	47600	8	1	3	0	47600
213	6382500	1075	21.205	257	924912.5	6372925	5	29000	8	1	7	0	29000
214	3293750	912	13.913	272	908962.5	6372050	5	47400	8	1	3	204	0
215	3520000	759	12.832	255	917475	6371400	5	29200	8	1	7	228	0
216	5331875	821	16.091	276	920062.5	6373900	5	29000	8	1	7	223	0
217	3246250	806	10.333	91	923787.5	6371000	5	29000	8	1	3	213	0
218	3584375	776	13.237	164	920125	6371400	5	29000	8	1	3	0	29000
219	5478750	896	17.294	94	911325	6371325	5	47400	8	4	6	0	47400
220	4031250	994	21.565	90	923687.5	6370750	5	29000	8	4	3	213	0
221	2924375	727	11.725	5	916137.5	6371650	5	29200	8	1	2	228	0
222	3453750	673	5.312	272	919062.5	6371800	5	29000	1	2	3	0	29000
223	5630625	817	15.164	89	921737.5	6371800	5	29000	8	1	3	0	29000
224	5108750	928	8.962	91	906737.5	6371625	5	47800	8	4	6	0	47800
225	3686250	1044	14.7	96	909125	6370475	5	47400	8	4	6	230	0
226	2975625	943	16.463	-1	915300	6369500	5	29200	8	4	2	234	0
227	3556875	1046	15.459	185	905912.5	6369400	5	49400	8	4	6	249	0
228	3653125	669	8.753	10	917150	6370375	5	29200	1	1	3	0	29200
229	6396875	1021	24.92	265	922437.5	6369850	5	48200	8	4	3	0	48200
230	5091875	938	13.454	95	909575	6371675	5	47400	8	4	6	0	47400
231	6277500	1038	25.811	154	912662.5	6369725	5	48000	8	4	6	0	48000
232	2586250	746	12.738	173	919037.5	6369125	5	29000	8	1	3	218	0
233	3746250	1028	14.842	182	908537.5	6369150	5	49200	8	4	6	0	49200
234	4473750	1009	23.348	3	916512.5	6369025	5	29200	8	4	2	221	0
235	5330000	1035	20.381	91	924887.5	6369025	5	48200	8	4	3	0	48200
236	3750	616	2.386	-35	918250	6368775	5	28800	1	1	3	0	28800
237	2845625	984	17.588	3	907775	6367200	5	49200	8	4	6	233	0
238	6893750	722	11.878	3	918712.5	6368425	5	28800	8	1	1	0	28800
239	5364375	903	18.733	268	927025	6367925	5	27600	8	1	3	255	0
240	4863125	1033	17.405	183	909312.5	6367625	5	48800	8	4	6	247	0
241	7392500	1036	22.209	185	912075	6368275	5	48600	8	4	6	0	48600
242	3108750	844	17.457	267	924225	6367300	5	27800	8	1	3	262	0
243	3658125	670	8.148	14	917000	6367225	5	28800	1	2	1	238	0
244	4623750	757	15.654	187	921062.5	6367575	5	48200	8	1	3	0	48200
245	3579375	821	16.082	264	922525	6366675	5	28600	8	1	3	251	0
246	4569375	898	16.501	-11	916125	6366475	5	48400	8	1	1	250	0
247	3947500	891	23.618	92	909600	6365825	5	48800	8	4	6	0	48800
248	2905000	831	21.594	269	925787.5	6366725	5	27600	8	1	3	255	0
249	5049375	924	10.324	261	905675	6366900	5	49400	8	4	6	252	0
250	2869375	706	13.305	285	916625	6365225	5	48400	8	1	3	0	48400
251	5362500	675	9.873	263	921325	6365350	5	28600	8	4	1	0	28600
252	4160625	900	13.223	90	906637.5	6366050	5	49400	8	1	6	0	49400
253	4321875	961	22.843	269	912675	6366125	5	48400	8	4	6	261	0
254	4673750	671	7.922	266	928475	6365075	5	27600	8	2	3	239	0
255	3556875	643	8.673	272	926025	6364025	5	27600	8	1	3	0	27600
256	445625	834	15.17	82	908375	6366200	5	49000	8	4	6	0	49000
257	2605625	640	7.37	267	919137.5	6364250	5	48400	8	1	3	0	48400
258	3786250	866	25.796	87	915037.5	6364100	5	48400	8	4	7	266	0
259	3365000	674	7.265	265	929012.5	6362400	5	28000	8	2	3	271	0
260	3179375	982	19.137	167	907637.5	6362975	5	49400	8	4	6	0	49400
261	5546875	979	24.188	85	912300	6364500	5	48400	8	4	6	0	48400
262	6493125	683	9.561	272	924100	6364150	5	27800	8	1	3	0	27800
263	3112500	667	11.733	258	922412.5	6363250	5	28200	8	4	3	0	28200
264	5027500	998	19.069	175	909137.5	6364975	5	49600	8	4	6	0	49600
265	1098750	665	10.692	178	921312.5	6364550	5	28400	8	4	3	0	28400
266	4168750	1019	24.874	92	914487.5	6365275	5	48400	8	4	7	0	48400
267	3765000	1016	20.239	267	913050	6363200	5	50200	8	1	6	0	50200
268	3314375	860	19.198	-10	916925	6363225	5	49800	8	4	3	280	0
269	5238750	928	20.012	-10	908700	6361000	5	50200	8	4	3	277	0
270	2881875	601	6.912	256	923325	6362375	5	28200	1	1	3	279	0
271	5228750	648	10.273	265	927700	6362850	5	28000	8	1	3	0	28000
272	141250	585	3.28	188	925987.5	6363000	5	27400	8	1	3	0	27400
273	2601875	617	8.793	273	925150	6362350	5	27200	1	1	3	0	27200
274	5799375	667	8.152	101	919537.5	6361550	5	49800	8	4	3	0	49800
275	3038750	933	21.268	273	910362.5	6362175	5	50200	8	4	6	281	0
276	5596250	601	6.524	259	927462.5	6361800	5	52000	1	1	3	0	52000
277	4700000	1065	21.9	-6	907150	6361475	5	50200	8	4	4	0	50200
278	4477500	926	22.225	277	915112.5	6361725	5	50000	8	1	6	0	50000
279	3833125	596	8.915	1	922162.5	6361875	5	28200	8	1	3	0	28200
280	5268750	679	8.5	-10	918025	6361850	5	49800	8	1	3	0	49800
281	4618125	858	19.256	263	912287.5	6361125	5	50200	8	4	6	267	0
282	3146250	1135	24.652	86	906137.5	6360500	5	50200	8	4	2	269	0
283	3686250	820	21.118	91	914200	6360700	5	50000	8	4	3	278	0
284	3416875	893	23.651	90	921787.5	6360500	5	28200	8	4	3	286	0
285	7508750	619	6.757	177	927450	6359750	5	52200	1	2	1	0	52200
286	2751250	707	18.979	75	922400	6361275	5	28200	8	4	3	279	0
287	4289375	888	19.612	99	919787.5	6360150	5	49800	8	4	3	274	0
288	3236875	872	16.53	91	909525	6360250	5	50200	8	4	6	0	50200
289	6408750	932	19.14	98	916850	6361225	5	51800	8	1	3	0	51800
290	4345625	1026	16.137	290	921925	6359175	5	52600	8	4	3	296	0
291	5103125	934	22.908	95	913450	6359625	5	50400	8	4	3	0	50400
292	892500	580	9.067	4	925175	6360025	5	27000	1	1	3	0	27000
293	2925000	978	18.678	279	905762.5	6358475	5	51000	8	4	4	0	51000
294	5999375	679	11.997	-10	924812.5	6358950	5	26400	1	1	3	0	26400
295	87500	540	0.701	194	926075	6359125	5	26800	1	14	3	0	26800
296	2933750	786	15.024	279	922037.5	6358225	5	52600	8	4	3	0	52600
297	1250	537	0.743	199	926087.5	6358575	5	52200	1	14	3		
298	3043125	1128	22.821	282	906500	6359425	5	51000	8	4	2	293	0
299	6203750	1113	17.593	83	905662.5	6357850	5	51200	8	4	3	0	51200
300	3306250	590	5.876	185	928337.5	6355775	5	25800	1	2	1	0	25800
301	6319375	870	20.239	88	911225	6359300	5	50600	8	4	3	0	50600
302	2663750	641	4.856	280	928850	6358025	5	25800	1	2	1	300	0
303	3595000	1001	20.521	76	908025	6358300	5	50800	8	4	4	0	50800
304	5531250	1002	19.528	101	913362.5	6357625	5	51600	8	4	3	0	51600
305	5133125	882	18.658	275	919262.5	6358425	5	53200	8	4	3	0	53200
306	4891250	678	17.083	7	923625	6358500	5	52400	8	1	3	0	52400
307	6221250	878	19.697	281	917050	6357375	5	53600	8	4	3	0	53600
308	1234375	583	12.138	178	925912.5	6357375	5	26600	1	4	2	0	26600
309	5719375	887	16.999	1	909050	6358150	5	50800	8	4	4	0	50800
310	2727500	996	22.618	283	915387.5	6356175	5	58600	8	4	3	315	0
311	5635625	1006	17.466	98	910675	6356175	5	51400	8	4	3	0	51400
312	2535625	1003	16.695	78	906962.5	6356525	5	50800	8	4	3	309	0
313	4925000	771	21.427	97	921525	6355575	5	52800	8	4	3	0	52800
314	1250	616	5.93	100	920400	6355950	5	52800	8	4	3	0	52800
315	2659375	812	18.311	4	915350	6355125	5	58600	8	4	3	0	58600
316	355625	708	15.192	279	920512.5	6356550	5	53000	8	1	3	0	53000
317	1393125	550	6.787	183	925687.5	6356700	5	26200	1	1	3	0	26200
318	6010625	944	23.215	287	912812.5	6355550	5	54600	8	1	4	0	54600
319	4720000	598	7.741	0	926875	6355975	5	26000	1	2	1	325	0
320	3876250	712	12.009	100	919525	6354625	5	53400	8	1	3	0	53400
321	3812500	735	16.134	89	917762.5	6354250	5	53800	8	4	3	0	53800
322	2778750	1086	24.975	284	909512.5	6354750	5	55000	8	1	2	327	0
323	5539375	865	18.254	12	923812.5	6354075	5	52400	8	4	3	306	0
324	4321875	1182	19.898	265	906825	6355175	5	55800	8	4	3	343	0
325	4510000	564	7.665	11	927000	6354750	5	26000	1	1	3	0	26000
326	3028125	856	19.445	73	925437.5	6353475	5	26000	8	4	3	325	0
327	2716250	855	18.247	274	910687.5	6354025	5	55000	8	1	4	0	55000
328	6309375	1066	20.043	175	921525	6354950	5	58800	8	4	3	0	58800
329	5000	688	16.76	-8	912925	6353400	5	54400	8	1	1	0	54400
330	5501250	789	17.41	270	914487.5	6353525	5	54400	8	4	3	0	54400
331	18750	661	7.735	1	916050	6353375	5	54200	8	1	3	0	54200
332	3384375	830	16.511	104	916887.5	6353150	5	53800	8	4	3	0	53800
333	3126875	1148	19.906	267	904412.5	6353475	5	56200	8	4	3	345	0
334	3235000	557	6.116	1	927337.5	6352575	5	59000	1	1	2	0	59000
335	3404375	814	16.954	97	912025	6352625	5	54800	8	4	4	0	54800
336	2655625	799	14.64	284	909775	6352700	5	55200	7	4	4	0	55200
337	3125	711	9.801	281	910800	6352750	5	54800	8	1	4	0	54800
338	4707500	550	3.637	191	929887.5	6353025	5	25401	1	2	1	0	25401
339	4237500	972	17.557	272	902537.5	6352150	5	56200	7	4	4	345	0
340	2942500	1029	18.413	95	919637.5	6353925	5	53400	8	4	3	320	0
341	766875	514	4.513	205	928400	6353325	5	25600	1	2	3	0	25600
342	5485625	955	12.678	262	900350	6353250	5	56600	7	1	3	0	56600
343	3768750	1091	20.11	-8	906887.5	6353850	5	55800	8	4	4	344	0
344	5245625	887	17.292	271	907812.5	6352775	5	55800	7	4	3	0	55800
345	2593750	885	11.92	257	903412.5	6352000	5	56200	7	1	4	0	56200
346	2952500	525	3.97	4	928487.5	6351850	5	25401	1	2	2	0	25401
347	6726250	909	21.474	98	915125	6351625	5	54000	8	4	3	0	54000
348	4883125	896	14.263	265	906525	6351625	5	56000	7	1	4	359	0
349	4014375	960	20.992	4	924162.5	6350800	5	59200	8	1	3	0	59200
350	4805625	1212	20.245	96	918750	6352050	5	53800	8	4	3	332	0
351	4490625	798	15.095	-7	925537.5	6352500	5	59000	8	1	3	0	59000
352	3494375	881	10.355	-1	899837.5	6350825	5	56600	7	1	4	342	0
353	3464375	1069	22.437	252	916475	6350350	5	58000	8	1	3	0	58000
354	2743750	804	11.718	184	911550	6351650	5	57600	8	1	1	0	57600
355	5391250	1196	21.48	281	922737.5	6352025	5	59200	8	1	3	0	59200
356	6216250	1337	21.037	93	918837.5	6350800	5	58000	8	1	3	353	0
357	3591250	1360	21.324	86	920975	6349550	5	59200	8	1	3	355	0
358	3456875	557	5.455	257	931587.5	6350075	5	25401	1	2	1	338	0
359	7835000	834	12.517	276	904962.5	6350150	5	56000	7	4	1	365	0
360	16250	771	0.597	-17	903300	6350275	5	56400	7	1	1	0	56400
361	95625	746	13.549	72	908562.5	6350200	5	55600	8	4	1	0	55600
362	4790625	866	11.575	270	901062.5	6349950	5	56600	7	1	4	0	56600
363	3638125	924	18.623	91	914012.5	6350475	5	57800	8	4	3	0	57800
364	4000625	762	11.171	95	910037.5	6350175	5	55400	7	1	1	0	55400
365	3722500	908	18.253	91	905575	6349275	5	56000	8	4	3	0	56000
366	4785625	1043	19.241	91	910475	6349050	5	55400	8	4	3	364	0
367	4926875	502	8.156	77	931800	6349500	5	25401	8	1	2	0	25401
368	4249375	679	11.429	69	927512.5	6350775	5	25401	8	1	2	346	0
369	3471875	517	8.486	85	932137.5	6348800	5	25401	8	2	3	338	0
370	5048125	748	17.232	76	928775	6349500	5	25401	8	4	3	369	0
371	2690625	849	15.341	177	902850	6349250	5	56800	8	1	4	379	0
372	3039375	963	17.823	84	912662.5	6349425	5	58400	8	4	1	0	58400
373	3783125	705	21.345	86	930637.5	6347900	5	25401	8	4	3	369	0
374	5015000	1162	21.97	93	915450	6348875	5	58200	8	1	3	0	58200
375	5020000	974	14.021	179	904450	6347700	5	57200	8	1	3	0	57200
376	5348750	1075	19.077	90	923525	6349075	5	59400	8	1	3	0	59400
377	4643125	1185	19.32	99	913425	6347825	5	58400	8	1	1	372	0
378	5721250	1106	19.295	88	908362.5	6348550	5	57400	8	4	3	0	57400
379	3737500	902	16.899	88	900962.5	6348900	5	56800	8	1	3	0	56800
380	3143750	1177	19.763	101	906987.5	6347300	5	56000	8	4	3	365	0
381	5612500	1071	22.197	88	900437.5	6347150	5	56800	8	4	3	379	0
382	2543750	902	15.076	86	902887.5	6346450	5	57000	7	1	4	0	57000
383	2885625	1091	16.452	83	899750	6346700	5	57000	7	1	3	0	57000
384	3301875	1068	21.476	88	904750	6346100	5	57000	7	4	4	382	0
385	4061875	1210	17.022	98	903050	6344725	5	57000	7	4	3	383	0
# end of hru.par													
