# reach.par created Mon, 17 Feb 2020, 22:11:41 by GRASS-HRU
ID	to-reach	length	slope	sinuosity	rough	width
0	0	0	0	1	0	0
999999	999999	99999	9099	9999	9999	9999
n/a	n/a	m	%	n/a	n/a	m
25600	25401	1322.0	0.4539	1.15	30	1
38400	38200	3890.0	0.9769	1.24	30	1
33800	33600	2919.0	5.4128	1.1	30	1
49800	28200	6518.0	0.9359	1.19	30	1
52800	52400	4433.0	1.0828	1.94	30	1
29200	28800	5110.0	0.5479	1.25	30	1
39000	38600	5033.0	0.8544	1.07	30	1
37400	33400	3883.0	5.949	1.06	30	1
46800	46400	5203.0	8.572	1.27	30	1
46400	46000	402.0	1.7413	1.08	30	1
52000	26800	341.0	0.5865	1.12	30	1
32800	32600	2300.0	1.0	1.26	30	1
39600	39400	3328.0	3.3053	1.15	30	1
56400	56000	25.0	0.0	1.0	30	1
28200	27000	6838.0	0.4972	1.15	30	1
36400	36200	2579.0	2.3265	1.11	30	1
40200	39800	1797.0	8.7368	1.11	30	1
54200	53800	85.0	0.0	1.08	30	1
59400	59000	585.0	14.5299	1.06	30	1
31800	31000	1092.0	2.9304	1.1	30	1
27200	27000	2262.0	1.061	1.08	30	1
40800	40400	572.0	1.2238	1.19	30	1
46000	45800	7049.0	1.3619	1.28	30	1
51200	50800	1682.0	4.1023	1.17	30	1
35400	35200	71.0	1.4085	1.0	30	1
30800	30600	3579.0	0.6706	1.13	30	1
28600	28400	1336.0	0.524	1.24	30	1
26200	26000	1547.0	0.4525	1.32	30	1
53400	53000	1923.0	0.624	1.25	30	1
58600	54200	749.0	3.7383	1.17	30	1
34400	34200	4046.0	2.694	1.16	30	1
42000	41800	635.0	1.4173	1.08	30	1
29800	29600	4001.0	8.7478	1.13	30	1
45200	45000	227.0	9.2511	1.05	30	1
50400	50000	2079.0	1.1544	1.15	30	1
55600	55400	402.0	0.4975	1.15	30	1
38000	32000	889.0	0.8999	1.24	30	1
42600	41800	1426.0	1.1921	1.06	30	1
55000	54800	747.0	7.2289	1.1	30	1
50000	49800	4008.0	1.2475	1.23	30	1
33400	33200	7079.0	1.1442	1.12	30	1
47400	47200	6674.0	1.5883	1.21	30	1
28800	28600	4236.0	0.543	1.17	30	1
43200	43000	6097.0	3.4279	1.38	30	1
57800	57600	2950.0	2.5085	1.1	30	1
37000	35800	2416.0	7.6987	1.11	30	1
32400	32200	171.0	0.5848	1.08	30	1
43800	42600	629.0	1.4308	1.19	30	1
49600	48800	135.0	4.4444	1.06	30	1
54800	54400	3147.0	0.8262	1.34	30	1
27800	27400	2015.0	2.134	1.21	30	1
36000	35800	789.0	1.9011	1.1	30	1
44400	41600	741.0	5.803	1.05	30	1
46600	46400	1561.0	4.9327	1.15	30	1
31400	31200	814.0	2.0885	1.08	30	1
57000	56800	2315.0	2.4622	1.06	30	1
26800	26600	854.0	0.4684	1.14	30	1
25800	25600	1550.0	4.129	1.29	30	1
35000	34200	5453.0	4.7313	1.12	30	1
52600	52400	150.0	12.6667	1.0	30	1
48800	48400	3293.0	1.2147	1.15	30	1
54000	53800	672.0	2.6786	1.19	30	1
30400	30000	2430.0	6.1728	1.15	30	1
26400	26200	574.0	0.5226	1.17	30	1
38600	38400	6570.0	0.8828	1.24	30	1
45800	38200	1942.0	1.1843	1.32	30	1
51000	50800	287.0	4.878	1.06	30	1
34000	33600	2450.0	1.4694	1.19	30	1
27000	26800	1836.0	0.4357	1.16	30	1
56200	56000	2480.0	2.0565	1.32	30	1
29400	29200	3052.0	0.557	1.27	30	1
57200	56800	50.0	2.0	1.0	30	1
37600	33200	9448.0	2.392	1.3	30	1
40400	39200	1737.0	0.806	1.41	30	1
48000	47200	904.0	3.5398	1.13	30	1
53200	53000	277.0	4.3321	1.11	30	1
58400	57600	2074.0	6.0752	1.15	30	1
33000	32800	1058.0	3.6862	1.08	30	1
41200	40800	910.0	0.8791	1.11	30	1
41000	40800	6847.0	7.3901	1.12	30	1
45000	44600	2747.0	2.2934	1.12	30	1
50200	50000	8513.0	2.2671	1.32	30	1
36600	36200	671.0	6.2593	1.03	30	1
55400	55200	3222.0	0.6207	1.22	30	1
32000	30800	680.0	1.0294	1.17	30	1
41600	41200	939.0	0.852	1.26	30	1
27400	27200	556.0	1.0791	1.06	30	1
47200	29200	3328.0	2.0132	1.08	30	1
52400	26000	4915.0	1.0173	1.35	30	1
57600	55200	2950.0	1.6949	1.09	30	1
35600	35200	1588.0	0.6927	1.24	30	1
42200	42000	3150.0	8.6032	1.12	30	1
31000	30800	7572.0	0.9641	1.3	30	1
49400	49000	1853.0	1.7269	1.12	30	1
39200	39000	1450.0	1.1724	1.08	30	1
42800	42600	6680.0	1.5569	1.15	30	1
49000	48800	708.0	1.5537	1.13	30	1
34600	34400	4337.0	3.5508	1.09	30	1
30000	29600	3337.0	2.727	1.23	30	1
43400	43000	1241.0	8.5415	1.15	30	1
51600	50400	735.0	4.4898	1.09	30	1
56800	56400	3026.0	1.2227	1.24	30	1
38200	30600	1649.0	0.7277	1.2	30	1
25401	0	9959.0	0.3514	1.25	30	1
33600	33400	2614.0	1.0712	1.27	30	1
44000	43800	2337.0	0.6418	1.25	30	1
48600	48400	2047.0	3.2731	1.09	30	1
53800	53400	4176.0	0.5747	1.35	30	1
29000	28800	10062.0	1.5504	1.32	30	1
59000	25401	3890.0	3.4704	1.11	30	1
53600	53400	1428.0	2.8711	1.05	30	1
37200	35600	1225.0	4.2449	1.05	30	1
44600	39000	5227.0	1.6453	1.35	30	1
45600	38400	35.0	2.8571	1.0	30	1
32600	32200	6883.0	0.8572	1.37	30	1
50800	50600	3451.0	1.8256	1.19	30	1
56000	55600	5808.0	0.792	1.23	30	1
28000	27200	2644.0	1.4372	1.08	30	1
38800	38600	7431.0	3.1086	1.34	30	1
36200	36000	25.0	0.0	1.0	30	1
58200	57800	35.0	2.8571	1.0	30	1
47800	47400	246.0	1.626	1.07	30	1
53000	52800	504.0	0.7937	1.13	30	1
31600	31200	4646.0	3.4869	1.14	30	1
26600	26200	2186.0	0.5489	1.16	30	1
39800	39400	7118.0	3.5122	1.13	30	1
51800	49800	1463.0	3.486	1.18	30	1
44800	44600	597.0	2.0101	1.08	30	1
35200	34000	1292.0	0.6966	1.09	30	1
40000	39800	2916.0	5.0754	1.2	30	1
55200	54800	468.0	0.641	1.1	30	1
30600	29400	1780.0	0.8427	1.16	30	1
48200	28600	7690.0	3.433	1.12	30	1
45400	45000	1881.0	5.9543	1.19	30	1
26000	25600	3913.0	0.46	1.2	30	1
40600	40400	604.0	1.6556	1.31	30	1
47000	45800	1292.0	1.8576	1.17	30	1
52200	26600	739.0	1.6238	1.09	30	1
57400	55400	406.0	3.4483	1.17	30	1
34200	34000	1528.0	2.1597	1.27	30	1
29600	29400	2668.0	2.2114	1.11	30	1
28400	28200	649.0	0.3082	1.14	30	1
49200	49000	1700.0	3.9412	1.13	30	1
37800	32600	8078.0	5.3107	1.3	30	1
54400	54200	3649.0	0.6029	1.23	30	1
33200	32800	658.0	0.7599	1.13	30	1
41800	41600	2413.0	0.9532	1.11	30	1
41400	41200	171.0	2.3392	1.14	30	1
46200	46000	3059.0	3.3998	1.12	30	1
51400	50600	531.0	3.0132	1.05	30	1
56600	56400	5578.0	1.0577	1.13	30	1
36800	36000	2673.0	3.5166	1.21	30	1
42400	42000	3668.0	4.8255	1.37	30	1
32200	32000	4754.0	0.8624	1.0	30	1
48400	28400	11657.0	1.2696	1.17	30	1
27600	27400	2916.0	1.6461	1.13	30	1
43000	42800	3528.0	2.4376	1.24	30	1
58800	52800	1675.0	5.4328	1.27	30	1
54600	54400	1160.0	3.9655	1.13	30	1
35800	35600	1665.0	0.9009	1.22	30	1
31200	31000	2537.0	1.1825	1.17	30	1
43600	42800	3500.0	6.0	1.14	30	1
50600	50400	2862.0	1.2579	1.14	30	1
59200	59000	2908.0	12.5172	1.17	30	1
55800	55600	3709.0	3.505	1.21	30	1
39400	39200	4526.0	2.2095	1.13	30	1
34800	34400	1035.0	9.5652	1.08	30	1
44200	43800	4388.0	10.0273	1.33	30	1
47600	47400	131.0	3.0534	1.05	30	1
30200	30000	2156.0	7.9777	1.15	30	1
58000	57800	2733.0	5.4885	1.14	30	1
# end of reach.par
