# slope and width corrections by B.Richard april 2020						
ID	to-reach	length	slope	sinuosity	rough	width
0	0	0	0	1	0	0
999999	999999	99999	90999999	9999	9999	
n/a	n/a	m	%	n/a	n/a	m
64000	63600	1706.0	0.9379	1.22	30	7.5
70400	70200	4337.0	3.5508	1.09	30	7.5
73600	73200	2559.0	8.6362	1.12	30	7.5
118200	118000	804.0	7.0896	1.15	30	7.5
78800	78600	1222.0	0.7365	1.33	30	32.5
84000	83600	939.0	0.852	1.26	30	7.5
59400	59200	6923.0	1.3722	1.32	30	32.5
89200	88800	489.0	11.2474	1.05	30	7.5
99200	98400	381.0	4.7244	1.06	30	7.5
94400	94200	789.0	6.4639	1.15	30	7.5
99600	57600	3288.0	0.882	1.24	30	7.5
54800	54600	854.0	0.4684	1.14	30	32.5
71000	70200	1035.0	9.5652	1.08	30	7.5
112200	111400	25.0	0.9875	1.0	30	7.5
110000	109800	3840.0	7.1875	1.19	30	7.5
75800	75600	1609.0	9.1361	1.09	30	7.5
63000	62800	502.0	3.5857	1.07	30	7.5
81000	80800	3283.0	3.6552	1.09	30	7.5
81200	81000	999.0	3.1031	1.16	30	7.5
105800	105600	316.0	21.2025	1.08	30	7.5
91400	91000	1955.0	11.0486	1.17	30	7.5
58400	58200	397.0	3.5264	1.12	30	7.5
65200	65000	96.0	2.0833	1.06	30	7.5
101800	101600	1303.0	1.6117	1.15	30	7.5
107000	106800	1827.0	0.6568	1.25	30	7.5
116400	108000	2623.0	4.0793	1.12	30	7.5
116600	107400	2410.0	10.332	1.12	30	32.5
53800	53600	1566.0	3.5121	1.04	30	7.5
72800	72600	1665.0	0.9009	1.22	30	7.5
117400	52600	277.0	0.361	1.17	30	7.5
78000	62400	693.0	2.7417	1.15	30	7.5
115400	109000	2950.0	1.6949	1.09	30	7.5
83200	82800	572.0	1.2238	1.19	30	7.5
67600	82800	572.0	1.2238	1.19	30	32.5
62000	61600	3256.0	7.156	1.13	30	7.5
65800	64600	3216.0	2.2388	1.14	30	7.5
93600	93400	2296.0	2.5697	1.25	30	7.5
98800	98600	1830.0	3.4426	1.08	30	7.5
104800	104400	1178.0	1.7827	1.13	30	7.5
57400	55000	3412.0	0.4982	1.14	30	7.5
109200	109000	1592.0	0.5653	1.1	30	7.5
75000	68200	146.0	1.3699	1.17	30	7.5
65600	64800	608.0	2.6316	1.08	30	7.5
53600	53200	141.0	1.4184	1.0	30	7.5
85400	85200	3528.0	2.4376	1.24	30	7.5
90600	90200	2002.0	2.3976	1.12	30	7.5
95800	95000	1243.0	4.827	1.08	30	7.5
61000	60800	3052.0	0.557	1.27	30	32.5
101000	100200	1210.0	9.0909	1.2	30	7.5
109400	109200	1594.0	0.6901	1.24	30	7.5
106200	105400	4433.0	1.0828	1.94	30	32.5
91000	90600	1349.0	4.003	1.12	30	7.5
86200	86000	860.0	11.1628	1.07	30	7.5
56400	55600	954.0	2.6205	1.12	30	7.5
67000	66800	1394.0	2.2238	1.13	30	32.5
77200	77000	216.0	11.5741	1.07	30	7.5
82400	80800	1436.0	16.156	1.07	30	32.5
87600	87400	1216.0	11.0197	1.15	30	7.5
64600	64200	1515.0	1.0561	1.22	30	7.5
92800	92400	402.0	1.7413	1.08	30	7.5
98000	97800	708.0	1.5537	1.13	30	7.5
103200	101600	1158.0	3.5406	1.08	30	7.5
60000	59800	649.0	4.4684	1.09	30	7.5
96200	60600	1124.0	3.6477	1.35	30	7.5
113600	113400	1368.0	1.9737	1.07	30	7.5
74200	72600	3604.0	8.2686	1.1	30	7.5
118800	52001	306.0	2.2876	1.24	30	7.5
79400	78600	5033.0	0.8544	1.07	30	32.5
68200	67800	658.0	0.7599	1.13	30	32.5
84600	84400	4182.0	9.6844	1.25	30	7.5
89800	79400	5227.0	1.6453	1.35	30	32.5
95000	94600	241.0	2.0747	1.21	30	7.5
63600	63200	3107.0	1.0621	1.21	30	7.5
55400	55200	556.0	1.0791	1.06	30	7.5
78200	62200	1649.0	0.7277	1.2	30	32.5
95600	95200	1204.0	2.0764	1.09	30	7.5
113000	112600	1636.0	1.3447	1.17	30	7.5
110600	110400	839.0	2.1454	1.11	30	7.5
59000	58800	1214.0	3.3773	1.16	30	7.5
76400	75200	1347.0	7.8693	1.09	30	7.5
81600	81200	986.0	12.4746	1.1	30	7.5
86800	86600	2352.0	12.0323	1.2	30	7.5
54400	54200	2073.0	0.6271	1.27	30	32.5
68800	68600	785.0	1.0191	1.27	30	32.5
97200	97000	2263.0	3.4026	1.13	30	7.5
112400	112200	6484.0	1.1721	1.13	30	7.5
102400	102200	2113.0	4.8746	1.19	30	7.5
62600	62400	150.0	2.0	1.0	30	7.5
73400	73200	3266.0	2.9394	1.1	30	7.5
118000	117800	2908.0	12.5172	1.17	30	7.5
78600	78400	6570.0	0.8828	1.24	30	32.5
58000	57800	391.0	0.7673	1.08	30	32.5
69400	69000	2450.0	1.4694	1.19	30	7.5
89000	88800	347.0	10.3746	1.09	30	7.5
94200	94000	1797.0	1.6694	1.11	30	7.5
82800	79600	1737.0	0.806	1.41	30	32.5
100200	100000	493.0	1.4199	1.09	30	7.5
53400	53200	1334.0	5.997	1.07	30	7.5
118600	117800	2484.0	12.5604	1.07	30	7.5
104600	104400	1.0	1.1092	1.0	30	7.5
109800	109600	1857.0	1.9925	1.14	30	7.5
115000	109400	797.0	4.5169	1.25	30	7.5
61600	61200	3337.0	2.727	1.23	30	7.5
70000	69600	100.0	3.0	1.0	30	7.5
80800	80400	999.0	4.8048	1.1	30	32.5
86000	85600	1226.0	3.5889	1.17	30	7.5
105400	105200	4458.0	1.0543	1.37	30	32.5
82200	81800	1797.0	21.9254	1.1	30	7.5
57000	56600	3313.0	3.0486	1.26	30	7.5
96400	60400	983.0	5.9003	1.12	30	7.5
101600	101400	2862.0	1.2579	1.14	30	7.5
106800	106400	71.0	1.4085	1.0	30	7.5
52400	52200	2559.0	2.501	1.26	30	7.5
70600	70400	1229.0	18.9585	1.2	30	7.5
72600	72200	1588.0	0.6927	1.24	30	7.5
117200	105200	755.0	12.053	1.11	30	32.5
77800	66600	2897.0	0.932	1.46	30	7.5
83000	82800	4145.0	7.503	1.16	30	32.5
60600	60400	1501.0	1.3991	1.19	30	32.5
90200	89800	720.0	1.9444	1.07	30	32.5
88200	85000	629.0	1.4308	1.19	30	7.5
87400	87200	2755.0	4.6461	1.09	30	7.5
93400	91800	1122.0	1.6043	1.16	30	7.5
98600	98400	1803.0	1.7194	1.12	30	7.5
56000	55800	3332.0	3.0912	1.09	30	7.5
71200	71000	366.0	13.9344	1.08	30	7.5
109000	108600	468.0	0.641	1.1	30	7.5
114200	113800	633.0	8.5308	1.11	30	7.5
74800	68400	1803.0	10.538	1.08	30	32.5
64200	64000	986.0	1.3185	1.12	30	7.5
73800	73000	3868.0	5.0672	1.36	30	7.5
80000	79800	4021.0	4.9241	1.15	30	7.5
116800	106800	554.0	5.2347	1.3	30	32.5
85200	85000	6680.0	1.5569	1.15	30	32.5
114400	113600	1692.0	3.6052	1.13	30	7.5
90400	90200	826.0	5.4479	1.08	30	7.5
59600	59400	1017.0	2.5565	1.08	30	7.5
52600	52200	1912.0	0.3661	1.3	30	7.5
107400	107000	1386.0	0.5772	1.18	30	32.5
100800	100400	1092.0	1.9231	1.19	30	7.5
106000	105600	989.0	10.819	1.24	30	7.5
67800	67600	2300.0	1.0	1.26	30	32.5
71800	71600	835.0	14.012	1.1	30	7.5
103800	99800	2594.0	5.0501	1.19	30	7.5
77000	76800	3483.0	4.7947	1.16	30	7.5
74600	68600	5027.0	6.1667	1.06	30	7.5
92000	91800	6106.0	1.2611	1.28	30	32.5
63200	62800	966.0	0.9317	1.24	30	7.5
66000	65800	341.0	5.5718	1.08	30	7.5
92600	92400	3351.0	3.5512	1.14	30	32.5
97800	97400	843.0	1.5421	1.12	30	7.5
58600	58200	604.0	0.4967	1.3	30	32.5
116000	115600	922.0	7.0499	1.07	30	7.5
108200	108000	3649.0	0.6029	1.23	30	32.5
103000	101800	655.0	3.2061	1.06	30	7.5
74000	72800	3440.0	7.2384	1.09	30	7.5
114600	113400	1497.0	3.5404	1.08	30	7.5
66800	66600	4754.0	0.8624	1.0	30	32.5
66600	62600	680.0	1.0294	1.17	30	32.5
84400	84200	635.0	1.4173	1.08	30	7.5
89600	84000	2503.0	8.5497	1.07	30	32.5
62200	61000	1780.0	0.8427	1.16	30	32.5
100000	99800	4008.0	1.2475	1.23	30	7.5
117600	117400	50.0	0.361	1.0	30	7.5
105200	54000	431.0	0.6961	1.08	30	32.5
96600	58600	8691.0	3.682	1.12	30	7.5
57600	57400	3401.0	0.4704	1.13	30	7.5
67200	66800	1078.0	0.6494	1.09	30	32.5
115600	115400	2950.0	2.5085	1.1	30	7.5
76200	75400	986.0	4.2596	1.11	30	7.5
114000	113800	822.0	8.2725	1.09	30	7.5
81400	81200	2656.0	6.8524	1.13	30	7.5
53000	52800	3674.0	2.5585	1.3	30	7.5
91800	78200	1942.0	1.1843	1.32	30	7.5
97000	57800	11657.0	1.2696	1.17	30	7.5
102200	102000	171.0	1.1696	1.08	30	7.5
61200	61000	2668.0	2.2114	1.11	30	32.5
55000	54800	1836.0	0.4357	1.16	30	32.5
79200	78800	6274.0	3.6181	1.32	30	7.5
112600	112200	1178.0	1.1036	1.1	30	7.5
73200	73000	25.0	2.42025	1.0	30	7.5
117800	117400	3577.0	3.7462	1.11	30	7.5
56600	55400	910.0	1.6484	1.2	30	7.5
83600	83200	910.0	0.8791	1.11	30	32.5
88800	88600	3438.0	12.3328	1.26	30	7.5
94000	60800	3328.0	2.0132	1.08	30	7.5
64800	64600	321.0	2.8037	1.05	30	7.5
52001	0	6611.0	0.3025	1.25	30	7.5
83800	83600	2138.0	0.7951	1.21	30	7.5
101200	100000	483.0	1.4493	1.13	30	7.5
104400	54800	341.0	0.5865	1.12	30	32.5
112800	112600	2399.0	2.4594	1.12	30	7.5
109600	109400	402.0	0.4975	1.15	30	7.5
60200	59800	543.0	2.7624	1.19	30	7.5
114800	110800	1726.0	11.9351	1.21	30	7.5
75400	75200	4431.0	2.4374	1.11	30	7.5
80600	80400	2277.0	11.3746	1.16	30	32.5
85800	85600	974.0	15.7084	1.3	30	7.5
55600	55400	1364.0	1.8328	1.09	30	7.5
69000	68800	1805.0	1.0526	1.41	30	32.5
77400	77000	2723.0	8.8505	1.16	30	7.5
94800	94600	885.0	6.8927	1.08	30	7.5
101400	101200	1561.0	1.089	1.16	30	7.5
63800	63600	85.0	3.5294	1.08	30	7.5
106600	106400	1624.0	4.9261	1.09	30	7.5
111800	111600	1.0	2.49435	1.0	30	7.5
72400	72200	1220.0	8.9344	1.12	30	7.5
117000	106200	2757.0	7.5444	1.26	30	7.5
77600	76800	472.0	15.678	1.13	30	7.5
59200	58800	1268.0	0.4732	1.07	30	32.5
69600	69400	1392.0	2.0833	1.26	30	7.5
88000	87200	396.0	15.404	1.06	30	7.5
93200	92800	6668.0	7.0636	1.23	30	7.5
88400	88200	3166.0	0.6317	1.23	30	7.5
67400	67200	1061.0	0.8483	1.24	30	7.5
98400	98000	25.0	4.0	1.0	30	7.5
103600	101200	1230.0	7.561	1.07	30	7.5
115200	109200	1303.0	3.6071	1.12	30	7.5
108800	108600	1295.0	5.5598	1.19	30	7.5
62800	62600	1707.0	0.8787	1.13	30	7.5
70200	70000	4046.0	2.694	1.16	30	7.5
79800	79600	4526.0	2.2095	1.13	30	7.5
113400	113000	141.0	0.7092	1.0	30	7.5
85000	84200	1426.0	1.1921	1.06	30	32.5
58200	58000	281.0	0.3559	1.14	30	7.5
82000	81800	2061.0	6.3561	1.09	30	7.5
99400	97800	693.0	4.329	1.15	30	7.5
95400	95200	316.0	2.8481	1.13	30	7.5
100600	100400	6692.0	2.8392	1.35	30	7.5
107600	107400	2754.0	0.581	1.31	30	32.5
66400	64000	1303.0	2.9163	1.13	30	7.5
70800	70400	562.0	11.21	1.1	30	7.5
111000	110800	508.0	0.7874	1.16	30	7.5
71600	70000	5453.0	4.7313	1.12	30	7.5
111200	111000	945.0	2.4339	1.19	30	7.5
116200	115400	2419.0	7.4411	1.13	30	7.5
76800	67600	2199.0	3.8654	1.26	30	7.5
61800	61600	3892.0	6.8602	1.15	30	7.5
75600	75400	1242.0	2.8986	1.18	30	7.5
87200	85200	710.0	11.1268	1.17	30	7.5
110400	109600	1143.0	0.7874	1.09	30	7.5
92400	92000	918.0	1.9608	1.1	30	7.5
57200	55200	2885.0	1.3865	1.08	30	7.5
52200	52001	1376.0	0.5814	1.09	30	7.5
102800	102000	166.0	3.6145	1.04	30	7.5
86600	85400	604.0	7.2848	1.12	30	7.5
108000	107600	85.0	1.72305	1.08	30	32.5
113200	113000	1640.0	3.9634	1.2	30	7.5
65400	65000	747.0	2.8112	1.11	30	7.5
79000	78800	2364.0	3.0457	1.41	30	7.5
84200	84000	2413.0	0.9532	1.11	30	7.5
104000	99600	554.0	4.5126	1.09	30	7.5
89400	88600	1638.0	2.9304	1.17	30	7.5
60800	60600	2895.0	0.2418	1.27	30	7.5
52800	52600	1322.0	0.4539	1.15	30	7.5
94600	94200	2105.0	1.4727	1.28	30	7.5
93000	92800	2937.0	6.8097	1.21	30	7.5
99800	99600	3205.0	0.9672	1.19	30	7.5
105000	54600	2466.0	1.6221	1.09	30	7.5
56200	55800	1759.0	0.9665	1.2	30	7.5
110200	109800	100.0	4.0	1.0	30	7.5
112000	111600	1424.0	3.0197	1.13	30	7.5
76000	75600	3791.0	5.6977	1.08	30	7.5
80200	79800	2515.0	2.8231	1.12	30	7.5
64400	64200	1238.0	4.6042	1.09	30	7.5
66200	65800	2274.0	5.7608	1.12	30	7.5
86400	86000	789.0	11.4068	1.16	30	7.5
91600	78400	2408.0	1.6611	1.16	30	7.5
96800	58000	2279.0	2.9399	1.07	30	7.5
59800	59400	3114.0	1.9589	1.18	30	7.5
102000	101800	1917.0	2.0866	1.17	30	7.5
107200	107000	1794.0	3.1773	1.05	30	7.5
108600	108200	3147.0	0.8262	1.34	30	32.5
73000	72800	789.0	1.9011	1.1	30	7.5
68000	67800	3067.0	10.5641	1.08	30	7.5
54000	53600	2566.0	0.4677	1.19	30	7.5
91200	91000	522.0	10.3448	1.13	30	7.5
83400	83200	7503.0	8.21	1.13	30	7.5
88600	88200	924.0	1.6234	1.15	30	7.5
63400	63200	874.0	1.9451	1.07	30	7.5
93800	93400	1501.0	3.6642	1.12	30	7.5
99000	98600	322.0	2.795	1.15	30	7.5
104200	57400	593.0	5.059	1.08	30	7.5
58800	58600	2943.0	0.5776	1.15	30	32.5
54600	54200	2186.0	0.5489	1.16	30	32.5
84800	84400	4086.0	5.2619	1.52	30	7.5
75200	75000	1157.0	1.0372	1.35	30	7.5
80400	80200	235.0	3.4043	1.04	30	32.5
54200	54000	1547.0	0.4525	1.32	30	32.5
85600	85400	4835.0	3.3713	1.34	30	7.5
90800	90600	1594.0	8.532	1.17	30	7.5
96000	94000	2391.0	5.0606	1.12	30	7.5
62400	62200	3404.0	0.6169	1.13	30	7.5
55200	55000	2262.0	1.061	1.08	30	7.5
106400	106200	504.0	0.7937	1.13	30	32.5
78400	78200	3890.0	0.9769	1.24	30	32.5
72200	69400	1292.0	0.6966	1.09	30	7.5
57800	57600	649.0	0.3082	1.14	30	7.5
82600	80200	847.0	12.5148	1.33	30	32.5
108400	108200	1959.0	4.1858	1.14	30	32.5
87800	87400	277.0	11.9134	1.08	30	7.5
53200	52800	1155.0	0.3463	1.23	30	7.5
55800	55600	641.0	0.936	1.04	30	7.5
98200	98000	3697.0	4.3549	1.23	30	7.5
97600	97400	1792.0	4.5759	1.1	30	7.5
103400	101400	770.0	4.5455	1.09	30	7.5
118400	118000	2483.0	7.2493	1.22	30	7.5
72000	71600	281.0	7.1174	1.08	30	7.5
61400	61200	5696.0	8.8834	1.12	30	7.5
113800	113600	922.0	3.1453	1.06	30	7.5
74400	68800	916.0	6.2227	1.05	30	7.5
111400	111000	3328.0	0.8714	1.24	30	7.5
79600	79400	1450.0	1.1724	1.08	30	32.5
56800	56600	974.0	2.2587	1.08	30	7.5
69200	69000	3300.0	5.6364	1.1	30	7.5
90000	89800	1211.0	3.0553	1.18	30	7.5
95200	95000	2436.0	1.5599	1.11	30	7.5
100400	100200	2224.0	1.5288	1.15	30	7.5
65000	64800	458.0	1.7467	1.08	30	7.5
105600	105400	150.0	12.6667	1.0	30	7.5
111600	111400	1676.0	1.969	1.13	30	7.5
110800	110400	733.0	0.4093	1.07	30	7.5
71400	71000	252.0	11.1111	1.07	30	7.5
76600	75000	171.0	6.4327	1.08	30	7.5
60400	59200	654.0	0.6116	1.1	30	32.5
69800	69600	518.0	1.7375	1.17	30	7.5
81800	81000	533.0	11.8199	1.16	30	7.5
87000	86600	1769.0	12.8886	1.17	30	7.5
115800	115600	4007.0	6.6883	1.13	30	7.5
92200	92000	1561.0	2.4343	1.14	30	32.5
68600	68400	1741.0	1.2636	1.1	30	7.5
97400	97000	2414.0	1.1599	1.2	30	7.5
102600	102200	1857.0	4.685	1.23	30	7.5
107800	107600	2673.0	2.8432	1.31	30	7.5
68400	68200	5303.0	1.1126	1.12	30	7.5
# end of reach.par						
