# reachs_grand_buech.par created by B.Richard 15 march 2021 with  slope and width corrections from april 2020						
ID	to-reach	length	slope	sinuosity	rough	width
0	0	0	0	1	0	0
999999	999999	99999	90999999	9999	9999	
n/a	n/a	m	%	n/a	n/a	m
62200	0	1780	0.8427	1.16	30	32.5
62400	62200	3404	0.6169	1.13	30	7.5
62600	62400	150	2	1	30	7.5
62800	62600	1707	0.8787	1.13	30	7.5
63000	62800	502	3.5857	1.07	30	7.5
63200	62800	966	0.9317	1.24	30	7.5
63400	63200	874	1.9451	1.07	30	7.5
63600	63200	3107	1.0621	1.21	30	7.5
63800	63600	85	3.5294	1.08	30	7.5
64000	63600	1706	0.9379	1.22	30	7.5
64200	64000	986	1.3185	1.12	30	7.5
64400	64200	1238	4.6042	1.09	30	7.5
64600	64200	1515	1.0561	1.22	30	7.5
64800	64600	321	2.8037	1.05	30	7.5
65000	64800	458	1.7467	1.08	30	7.5
65200	65000	96	2.0833	1.06	30	7.5
65400	65000	747	2.8112	1.11	30	7.5
65600	64800	608	2.6316	1.08	30	7.5
65800	64600	3216	2.2388	1.14	30	7.5
66000	65800	341	5.5718	1.08	30	7.5
66200	65800	2274	5.7608	1.12	30	7.5
66400	64000	1303	2.9163	1.13	30	7.5
66600	62600	680	1.0294	1.17	30	32.5
66800	66600	4754	0.8624	1	30	32.5
67000	66800	1394	2.2238	1.13	30	32.5
67200	66800	1078	0.6494	1.09	30	32.5
67400	67200	1061	0.8483	1.24	30	7.5
67600	67200	572	1.2238	1.19	30	32.5
67800	67600	2300	1	1.26	30	32.5
68000	67800	3067	10.5641	1.08	30	7.5
68200	67800	658	0.7599	1.13	30	32.5
68400	68200	5303	1.1126	1.12	30	7.5
68600	68400	1741	1.2636	1.1	30	7.5
68800	68600	785	1.0191	1.27	30	32.5
69000	68800	1805	1.0526	1.41	30	32.5
69200	69000	3300	5.6364	1.1	30	7.5
69400	69000	2450	1.4694	1.19	30	7.5
69600	69400	1392	2.0833	1.26	30	7.5
69800	69600	518	1.7375	1.17	30	7.5
70000	69600	100	3	1	30	7.5
70200	70000	4046	2.694	1.16	30	7.5
70400	70200	4337	3.5508	1.09	30	7.5
70600	70400	1229	18.9585	1.2	30	7.5
70800	70400	562	11.21	1.1	30	7.5
71000	70200	1035	9.5652	1.08	30	7.5
71200	71000	366	13.9344	1.08	30	7.5
71400	71000	252	11.1111	1.07	30	7.5
71600	70000	5453	4.7313	1.12	30	7.5
71800	71600	835	14.012	1.1	30	7.5
72000	71600	281	7.1174	1.08	30	7.5
72200	69400	1292	0.6966	1.09	30	7.5
72400	72200	1220	8.9344	1.12	30	7.5
72600	72200	1588	0.6927	1.24	30	7.5
72800	72600	1665	0.9009	1.22	30	7.5
73000	72800	789	1.9011	1.1	30	7.5
73200	73000	25	2.42025	1	30	7.5
73400	73200	3266	2.9394	1.1	30	7.5
73600	73200	2559	8.6362	1.12	30	7.5
73800	73000	3868	5.0672	1.36	30	7.5
74000	72800	3440	7.2384	1.09	30	7.5
74200	72600	3604	8.2686	1.1	30	7.5
74400	68800	916	6.2227	1.05	30	7.5
74600	68600	5027	6.1667	1.06	30	7.5
74800	68400	1803	10.538	1.08	30	32.5
75000	68200	146	1.3699	1.17	30	7.5
75200	75000	1157	1.0372	1.35	30	7.5
75400	75200	4431	2.4374	1.11	30	7.5
75600	75400	1242	2.8986	1.18	30	7.5
75800	75600	1609	9.1361	1.09	30	7.5
76000	75600	3791	5.6977	1.08	30	7.5
76200	75400	986	4.2596	1.11	30	7.5
76400	75200	1347	7.8693	1.09	30	7.5
76600	75000	171	6.4327	1.08	30	7.5
76800	67600	2199	3.8654	1.26	30	7.5
77000	76800	3483	4.7947	1.16	30	7.5
77200	77000	216	11.5741	1.07	30	7.5
77400	77000	2723	8.8505	1.16	30	7.5
77600	76800	472	15.678	1.13	30	7.5
77800	66600	2897	0.932	1.46	30	7.5
78000	62400	693	2.7417	1.15	30	7.5
